9780080462493
9780080871509
9780444598035
9780080871417
9780080875316
9780080955087
9780080955049
9780080872087
9780080954790
9780080879895
9780444598714
9781483290393
9781483286334
9780080875088
9780444598813
9780080954165
9780444598080
9780080957333
9780080875422
9780080954295
9780080498249
9780080455921
9780123870124
9780123978110
9780123869944
9780128147603
9780128045091
9781483269856
9780128023501
9780080933795
9780080533186
9780080912295
9780080982274
9780080914428
9781483297507
9780080570655
9781483289915
9781483295930
9780081004821
9780124016941
9780128002902
9780080526966
9780080874456
9780080534077
9780080519982
9781483216195
9781483263823
9781483216614
9781483269412
9781483102245
9781483274737
9781483140636
9781483263175
9781483277110
9781483137445
9781483141480
9781483144573
9781483188188
9781483190259
9781483152868
9781483214344
9781483260594
9781483146362
9781483101125
9780080925783
9780080960395
9780080871790
9780080871783
9780080954998
9780080544830
9780123977830
9780123870155
9780128043615
9780080470252
9781483291086
9781483217741
9781483257570
9781483226569
9780124160323
9781483187372
9781483270623
9780857099730
9780080960036
9780080871240
9780080873688
9781483261034
9780080535883
9781483269252
9780128031070
9780080874128
9781483263922
9780080873640
9780081010907
9780080540375
9780080519074
9780080491660
9780080867922
9780080550381
9780080960425
9780128025550
9780444105233
9780080956411
9780080875392
9780080872209
9781483285818
9780080956367
9780123972712
9780080878584
9780444598585
9780080574301
9780080474694
9780080931005
9780123850683
9780080552064
9780080983868
9780080462042
9780080490281
9780081020982
9780080873701
9780323139953
9780080873596
9781483275536
9780080454290
9780080956107
9780080956404
9780080527802
9780080874265
9780080566764
9780080958644
9780080963167
9780323139960
9780080871424
9780080960029
9780080495118
9780080874272
9780080872841
9780080535920
9780080466743
9780080929552
9781483258577
9780081010082
9780081006702
9780080499062
9780080471266
9780128045008
9781483263366
9781483267982
9781483150390
9781483160702
9781483138435
9781483193670
9781483299235
9780080918631
9780081021125
9780444601896
9780323149082
9780080934228
9780080868356
9780080558790
9780080463827
9780080537856
9781483295800
9780080492667
9780080459523
9780080872049
9780080459530
9780080886596
9780128020067
9780080533407
9780128044995
9780128045411
9781483264912
9781483262482
9781483266220
9781483259123
9781483276601
9781483214276
9781483264530
9781483280035
9781483258058
9781483275468
9781483260808
9781483260297
9781483218700
9780128024867
9781483154367
9780857099549
9781908818034
9781483137575
9780080873879
9780080874210
9780080874531
9780128005835
9780128122297
9780080874555
9780080867755
9780444110770
9780080462462
9780080537733
9781483295985
9780080459677
9781483294711
9780080931227
9780080470795
9780080931692
9780080560854
9780080960173
9780080931708
9780080960166
9780444543028
9780080951553
9780080930749
9780080960142
9780080871998
9780080872223
9780080871882
9780080871493
9780080879888
9780080956350
9780128127490
9780080956015
9780080497525
9780080871745
9780080928586
9781483296180
9780080535678
9780080956787
9780323139748
9780080529660
9780080462080
9780080477343
9781483295671
9780080871318
9780080871646
9780080518268
9780080871639
9780080880242
9780080956558
9780080529523
9780444639691
9780080511276
9781483217833
9781483257303
9781483277066
9781483263069
9781483260198
9781483214375
9781483101088
9781483218755
9781483150468
9781483145648
9781483138121
9781483103075
9780080916965
9780080571966
9781483296234
9780080556970
9780080520841
9780128010495
9780080550763
9780080880310
9780080872599
9780080463810
9780080867946
9780080530949
9780081023884
9780080537740
9780080459585
9780080535784
9780124077379
9780080519128
9780128003251
9780444639769
9781483277783
9781483273778
9781483274133
9781483257204
9781483265193
9781483285542
9780123814364
9781483277844
9780080530079
9780080533704
9781483272535
9781483263878
9781483135410
9781483136622
9780080455587
9781483213910
9781483259901
9780080955858
9780128131138
9780080873862
9780080535456
9780080874357
9780080559469
9780080958781
9780080955810
9780080956541
9780080960340
9780080456140
9780080871820
9780080539645
9780080532820
9781483216300
9780128133187
9780123946171
9780128099728
9781483268477
9781483258270
9781483217826
9781483217895
9781483266596
9780128024898
9781483189581
9780080873589
9781483144863
9780080955728
9780080532707
9780080931661
9780080955834
9780080958668
9780857099655
9780081004883
9780124202221
9780124081116
9780080934433
9780081023853
9780128149492
9781483257808
9780080954936
9781483267869
9781483272054
9781483266008
9781483262956
9780080867892
9780857099563
9781483259314
9780080867700
9780080570440
9781483259284
9781483217703
9781483279442
9781483214382
9781483218526
9780080955773
9780080954875
9780080886251
9780128010471
9781483273600
9780128092552
9780080871431
9780080867809
9780080880228
9780080890494
9780080954844
9780123851956
9780123814173
9780080875415
9780080954837
9780080459547
9781483290522
9781483296142
9780080871530
9780124172821
9781483218779
9780080461229
9780080531939
9781483148113
9780444601919
9781483189789
9780080872629
9780080871233
9780080571591
9780080871202
9780080871288
9781483269092
9781483262444
9781483260563
9780128003268
9780080539270
9780080871691
9781483220161
9781483160481
9780124167452
9781483135762
9780857099785
9781483257938
9781483260747
9781483263786
9780080498225
9780123822222
9780124159716
9781483216744
9781483191065
9780080528076
9781483101132
9780128143643
9781483263885
9780123751058
9781483101118
9781483104225
9780080496375
9780080532875
9780080533674
9781483261027
9781483277776
9781483267425
9781483269245
9781483103051
9781483261041
9781483264790
9781483260341
9781483158686
9780080885063
9780080916736
9780080960401
9780444596253
9780123846952
9780080954240
9780080533124
9780080470696
9781483258935
9780080521794
9781483265551
9781483265179
9781483272658
9781483265506
9781483262611
9781483268002
9781483214405
9781483268712
9781483106052
9781483261904
9781483273969
9781483218748
9781483272382
9781483294803
9780080955971
9781483218441
9780080929545
9780080506760
9780080533506
9780080541563
9780080459875
9780080872827
9780080956688
9780080872278
9780080867656
9781483285672
9780080955841
9780080955803
9780080459196
9780080533292
9780080958750
9780080532998
9780080874470
9780080872285
9780080469386
9780128098653
9780080874067
9780080873480
9780080471907
9780080956602
9780080873510
9780080872469
9780080875347
9780080960302
9780080499109
9780080955995
9780128041239
9780080871943
9780124159730
9780080873794
9780128092989
9780080532868
9780080871035
9780080479767
9780080872124
9780080510248
9780080477916
9780080955735
9781483295312
9781483159409
9780080872773
9780128052952
9780081019474
9780081020852
9780128028070
9780080963549
9780080874401
9780128028162
9780080532967
9780081011706
9780080532851
9780128017678
9780080571300
9781483273846
9781483162195
9781483266831
9780080994291
9781483264844
9781483299105
9780323139564
9781483286518
9780124166455
9780080571904
9780080471112
9780080542225
9780123971845
9781483217871
9780080507941
9781483271040
9781483265148
9781483266572
9781483263830
9780857092267
9781483218786
9781483101064
9781483271217
9781483267111
9781483214443
9781483137810
9781855738928
9780128046104
9780323142823
9780080456249
9780080497556
9780080956077
9780123869890
9780124017078
9780124166462
9780080872919
9780123983794
9780080871851
9780080461731
9780080535913
9781483298467
9780080872001
9781483293288
9780080871837
9780080960197
9780080871707
9780080530604
9780080472911
9780080955957
9780080956237
9780080867793
9780080871806
9780128047750
9780080956169
9780080571799
9780080566733
9780080525006
9780080956565
9780080938448
9780080570853
9780080916958
9780080871158
9780080880068
9780080872230
9780080956503
9780080958774
9780080537900
9780128118979
9780857094827
9780128104361
9780444594464
9780128026069
9780128035672
9780080952222
9780080470313
9780080933924
9780123849595
9781483294360
9780080467726
9780128015025
9780080466767
9780124078567
9780124169739
9780080462875
9780080511191
9780128001981
9780080871608
9780080887012
9781483217642
9781483271231
9781483265186
9781483256856
9781483266961
9781483262062
9781483214122
9781483267951
9781483152905
9781483140018
9781483101057
9781483274157
9781483279855
9780123846839
9780080873763
9780080922256
9780080954233
9781483299211
9780080872520
9781483295497
9780080872315
9780080872858
9780080867878
9780124072459
9780080530406
9781483266251
9781483268378
9781483141442
9781483257983
9781483161228
9781483262505
9781483277134
9781483262543
9781483268385
9781483144962
9780123978493
9781483260204
9781483259185
9781483272023
9781483263229
9780444107640
9781483140797
9781483257556
9781483259192
9781483277202
9781483264578
9780080871769
9780080928593
9780080874166
9780080535463
9780080871813
9780080873565
9780080955780
9780080956336
9780080535067
9780080517087
9780080872803
9780080956022
9780080560595
9780080956244
9780080956343
9780081004715
9780080537146
9780080459745
9780080526676
9780080874418
9780080956459
9780080511214
9780080525648
9780080871868
9780080874319
9780080481470
9781483217659
9780857099419
9780123965097
9780080929569
9780080872780
9780080872452
9780123965196
9780080951515
9780080551128
9780080875293
9780080475387
9780857099358
9781483213903
9781483259086
9780080502960
9780080932781
9780080461892
9780080462844
9780080914039
9780080871905
9780080871714
9780080477268
9780080535951
9780128043646
9780080952147
9780080949093
9780857099648
9780080571843
9781483296449
9780444635587
9780080925370
9780080874043
9780080499802
9780080535890
9780080928722
9780128044704
9781483106038
9781483265926
9780123870117
9781483264707
9781483271941
9781483277806
9780080532950
9781483257549
9781483267258
9780080518398
9780080874463
9780080541723
9780080874081
9780080955933
9780080530574
9781483294698
9780080956695
9780080951379
9780080956329
9780080539942
9780080958705
9780123810205
9781483262345
9781483103068
9781483160528
9781483260570
9781483268439
9781483155630
9781483190617
9781483268071
9781483213941
9780444642066
9780080513744
9780080478036
9780128117743
9780323296410
9780080461205
9780857099501
9781455730599
9781483218465
9780080921693
9781483148960
9780080532660
9780080535524
9780124115798
9781483296647
9780128045275
9780080884417
9780080871578
9780080867953
9780080954868
9780444597373
9780444537454
9780080867854
9780080474779
9780080956732
9780080462486
9781483214030
9781483260327
9781483266114
9781483263892
9781483218915
9781483192642
9781483160214
9781483296043
9781483191461
9780123870131
9780080571928
9780080920337
9780080919973
9780080919379
9780080956152
9780080925387
9780080570457
9780080532073
9780123852199
9780080868813
9780080963198
9780080933641
9780080529677
9780080926247
9780080999890
9780080930961
9780080929958
9780128023419
9780081021194
9780128036112
9780080955896
9780128039809
9780080951119
9780080928609
9780128114575
9780080960371
9780080956572
9781483188850
9781483141435
9780123838759
9780080888675
9781483104195
9780080465654
9780080872247
9780080960159
9780080872162
9780080871929
9780080956718
9780080931432
9780080489872
9780080524405
9781483268088
9781483190709
9781483144856
9781483289588
9780080867663
9781483163413
9780857099471
9780123810281
9780080495743
9780080934051
9781483268583
9781483272221
9781483295732
9780080493510
9780080571652
9780128008195
9780080525655
9780080867786
9780080461076
9780857099853
9780080886503
9781483298405
9780080870335
9780080506593
9781483264295
9781483150499
9780444598752
9780080867908
9781483296210
9780080954738
9780080954820
9780080872544
9780080871547
9781483271248
9781483214337
9781483263045
9780080875446
9781483272467
9780080955001
9781483267944
9781483274720
9781483264585
9781483214412
9781483268484
9781483218038
9780080958712
9780080958453
9781483264684
9780128052938
9781483101156
9780123877222
9780123877789
9780080502199
9780124071582
9780080559674
9780080464794
9780080473673
9780080874388
9780080925820
9780080873718
9780080492209
9780080871226
9780080535296
9780080463728
9780080474113
9780080874005
9781483186795
9780080472089
9780080875224
9780080958675
9780080538761
9780080526959
9780080956374
9780080928678
9780080872261
9780080956251
9781483192512
9781483154671
9781483155623
9780080541846
9780080541334
9780080872155
9781483147741
9780128020104
9781483216591
9781483262406
9780080472768
9780080570884
9781483216164
9781483161549
9781483262475
9780080538396
9780080917252
9781483296159
9780080880259
9781483295503
9781483264868
9781483146898
9780080525693
9781483277523
9781483183220
9780080925462
9780080926414
9781483144948
9780444626318
9780080875408
9780080955025
9780080512402
9780080872308
9780080954288
9780080872421
9780080544885
9780080957364
9780080957401
9781483295091
9781483220963
9780128047774
9781483267975
9781483217802
9781483268064
9781483262437
9781483267357
9781483260792
9781483158969
9781483264608
9781483265599
9781483260976
9781483264721
9781483151724
9781483189673
9781780630854
9780080873671
9781483218908
9781483148588
9780080956282
9780080874364
9780080461380
9780080960906
9780080553252
9780080521824
9780080874326
9780080873695
9780080521831
9780080872186
9780080509020
9780080956039
9780080543376
9780081020869
9780080918068
9780128110454
9780080504865
9780080874494
9780080956756
9780080922027
9781483163475
9780080547091
9780128137871
9781483191492
9780080872360
9780080495064
9780080871264
9780080556109
9780080872834
9780128124642
9780080459516
9780080871974
9780080872179
9780080570488
9780080535937
9780080872476
9780080539423
9780080873572
9781483135434
9780128133903
9781681081977
9780128110812
9780128097878
9780080555430
9780080556017
9780128134078
9780080548685
9780080506906
9780080886039
9780080530864
9781483151120
9780080560427
9781483154589
9781483163284
9781483260815
9781483270111
9781483294209
9781483277868
9781483220499
9780080925721
9780123846976
9781483103013
9781483214092
9781483265155
9781483189833
9781483161686
9780080918570
9781483264875
9781483268507
9780128124826
9780128010501
9780123850867
9780080525600
9780080922409
9780080925509
9781483272047
9781483260372
9780323139526
9780080536477
9780444634979
9780080570426
9781483265209
9781483257693
9781483214689
9780080532974
9781483161587
9780080543420
9780080956084
9780080958743
9781483265681
9781483103082
9781483280431
9781483162270
9780080926407
9781483270296
9780123914583
9780080933917
9780323161978
9780080887180
9780080532790
9780080871684
9780857099341
9780857099426
9780124081093
9780124171305
9780124167445
9780080493145
9780080575308
9780080533087
9780080872292
9780080528717
9780080952178
9780080956053
9780080560069
9780080489476
9780080955872
9780080871981
9780080555454
9780080465838
9780080557014
9780080527062
9780080538389
9780080871967
9780080871776
9780080533049
9780080872094
9780080531922
9780080956220
9780080956091
9780080872407
9780080570303
9780080559261
9780128038536
9780081023488
9780123852267
9781483268859
9781483269085
9781483259130
9781483221137
9781483271989
9781483101101
9781483214160
9781483190587
9781483191454
9780080924090
9781483294797
9781483289861
9781483290553
9780080470429
9780080556383
9780080492704
9780128010358
9780123870070
9780080871448
9780080871523
9780080867847
9780080954141
9780080871561
9780080871479
9781483299426
9781483296111
9780080872667
9780080867939
9780080954189
9780444596246
9780080954257
9780080954271
9780080960241
9780080912035
9780128096161
9780128163450
9780080872612
9780123849342
9780080467825
9780124081215
9780123756879
9781483260310
9781483258157
9781483258881
9781483268514
9781483272481
9781483268651
9781483142227
9780857099495
9780857099488
9780857099808
9781483104188
9780857099518
9780128167991
9780128025468
9780080511788
9780080524245
9780080874203
9780124104693
9780080462325
9780123983176
9780128037850
9780080872339
9780128094303
9780080478920
9780080471204
9780080871592
9780128046241
9780080554631
9780080871738
9780080464893
9781483286952
9780080875309
9780080511870
9780080956121
9780080955902
9780444535825
9780128046838
9780080956633
9781483297958
9780080543086
9780080958767
9780080918372
9780080875255
9780857099525
9780128156339
9780128034019
9780444637512
9780080461625
9780081009550
9780128111307
9780080923000
9780123877802
9781483291031
9780128017272
9780080506609
9781483294902
9780128015261
9780080960227
9780080571751
9780080529943
9780080951447
9780080928777
9780444535535
9781483269078
9781483161167
9781483272337
9781483103044
9781483265636
9781483262796
9781483276588
9781483217581
9781483157146
9781483106090
9781483104263
9780444601902
9781483263328
9781483161358
9781483288062
9780123820112
9781483285504
9780080871394
9780080872636
9780128054499
9780080954882
9780080875231
9780444597342
9780080920177
9780080955018
9780080470535
9780128047811
9780080544953
9781483295749
9780080872582
9780080517223
9780080933351
9781483277042
9781483261089
9781483260358
9781483218588
9781483264370
9781483191447
9781483268576
9780124095311
9781483103037
9781483186665
9780444637956
9781483183732
9781483101026
9781483161457
9780444537676
9780080460925
9781483297088
9780080532912
9781483262420
9780080871752
9780080871325
9780123947840
9780124047280
9780444107794
9780080532981
9780080874050
9780080571515
9780080539157
9781483265483
9780080543031
9780080955742
9780080956626
9780128032572
9780080956114
9780080871189
9780080543628
9780080531755
9780080537344
9781483266985
9781483221182
9781483259673
9781483217697
9780128132982
9780081017869
9780123846655
9781483297651
9780080530987
9780128099445
9780080479231
9780080956275
9780080933689
9780081004647
9780080548838
9780080872056
9780080540139
9780080532028
9780080539331
9780081012345
9781483287904
9780080875453
9780128162668
9780128045114
9780080956299
9780080516691
9780080533698
9780080872391
9780080929781
9780080528700
9780444538666
9780444626684
9780080529684
9781483192239
9781483269214
9781483154084
9781483260716
9781483217727
9781483257792
9781483218540
9781483263939
9781483220451
9780123846815
9780080475400
9780080542751
9780080478708
9780080466651
9780323140508
9780080875354
9780080873633
9780080873978
9780444640109
9780080519104
9780128036792
9780080932026
9780080461236
9780128015544
9780080502434
9780080529585
9780080958736
9780857099594
9780857099556
9781483156095
9781483138305
9781483272696
9781483269788
9781483101019
9781483264202
9781483264547
9780444535832
9780080887654
9780081006511
9780128007846
9780080527314
9780080956381
9780080955827
9781483271378
9781483259161
9781483264226
9781483217864
9780123855138
9780080871196
9780128045503
9781483266039
9781483272245
9781483258942
9781483273617
9780080512617
9781483257860
9781483183800
9781483279275
9781483266626
9781483259109
9781483266213
9780080522975
9781483161747
9781483151632
9781483295992
9781483147437
9780080872902
9780128029855
9780080541747
9781483261270
9780080934396
9781483182742
9781483266602
9780080495170
9780080540085
9780080457345
9780080955865
9780080874432
9781483296371
9780080547084
9780080872070
9780080465425
9781483259390
9780080960418
9781483218809
9781483264592
9781483141961
9780080867670
9781483297569
9780128004371
9780080954783
9780080540450
9780080511245
9780080933108
9780080872704
9780080457444
9780080872193
9780080478302
9780081004784
9780080873541
9780080955889
9780080956060
9780080541808
9780080956770
9780080466637
9780080478227
9780080867724
9780080956725
9781483214191
9781483273815
9780127999708
9781483269061
9780080954950
9781483295848
9780080471501
9780080952116
9780080928661
9781483156323
9780080873756
9781483285290
9780080874333
9780124171909
9781483145709
9780080871165
9780080871486
9780080535944
9780080956398
9780080873947
9780080871363
9780080956183
9781483181936
9780080956138
9780080872605
9781483260945
9780080528373
9781483149523
9781483257839
9781483218922
9780080529936
9781483265100
9781483263779
9780123964786
9781483141473
9781483150413
9780080550992
9780080916385
9780080519081
9780080532837
9780080532813
9780080516295
9780080925486
9780080528243
9781483268040
9780323527323
9780080472775
9780080872674
9780080872216
9780080872810
9780080954899
9781483214399
9780080531670
9781483271316
9781483270463
9781483263403
9781483262499
9780123850232
9781483277158
9781483264318
9780128029817
9781483258133
9781483278377
9780080528342
9781483191423
9781483297491
9781483151359
9780123852090
9780123814869
9780124059160
9780080517797
9780080459998
9780080478876
9780081010846
9780080461175
9780080871356
9780080572956
9780080457307
9780857099631
9780124157934
9780128123706
9780080960128
9780080541174
9780080572017
9781483153407
9780128012550
9780080925349
9780080951133
9781483276724
9780080456898
9781483277905
9781483269207
9781483257891
9780444598417
9781483278247
9781483275604
9781483275420
9781483268781
9780080525730
9781483267043
9781483145044
9781483260822
9780080475295
9780444537270
9781483267142
9780080515472
9781483159959
9781483101033
9780080530796
9780080569963
9780080933092
9780080496467
9780123846532
9781483295404
9780128126691
9780857099679
9780857099686
9780080887050
9780080872490
9780857099396
9780080933849
9780080527055
9780080872353
9780080461274
9780080465562
9780080530048
9780080564999
9780080880204
9780080476230
9780080488844
9780080872131
9780080960319
9781483286976
9780080555928
9780080463988
9781483152912
9781483276649
9781483274027
9781483265223
9781483157498
9781483270371
9781483219066
9781483265643
9780080528359
9781483266022
9781483266169
9781483183855
9781483146386
9780080511368
9780080871295
9780080871127
9780080959986
9780080924588
9780080960234
9781483258300
9780080517773
9780080534640
9781483268682
9780080885476
9780080463858
9780080548975
9780080462479
9780080525990
9780080930282
9780080506555
9781483152806
9780080956442
9780080874258
9780128042847
9780080873770
9780080871370
9780080529929
9780080873848
9780080932217
9780080956619
9780080963143
9780080872346
9780128044100
9780080932590
9780080527154
9781483272191
9781483216171
9780128029916
9780124166400
9780080873534
9780080505428
9780080951706
9780080949123
9781483259550
9781483262222
9781483217765
9781483278179
9781483268880
9781483264288
9781483103020
9781483104218
9781483190877
9781483190716
9780323155007
9780123814562
9781483296227
9780124104587
9781483258034
9781483273785
9781483260624
9781483271361
9781483263915
9781483218762
9781483262932
9781483262567
9781483266589
9781483263014
9781483269610
9781483278841
9781483271965
9781483218373
9781483263335
9780128104248
9780080550824
9780080917047
9780080469843
9780080956312
9780080871141
9780080874395
9780080530260
9780123964694
9780080460116
9780080872032
9780123984067
9780080871653
9780080538440
9780128043639
9780080557311
9780080461885
9780124165755
9780444538635
9780080461700
9780080550435
9780080879130
9780080867885
9780444535818
9780080550602
9780080872148
9780080466668
9780080871622
9780080472805
9780080955704
9780080955926
9780080873961
9780080540504
9780080874586
9780080500614
9780080955711
9780857099693
9780080916361
9780080873558
9780080872681
9780080875323
9780857099402
9780128027714
9780080871271
9780128110478
9780123822185
9780080460857
9780080932262
9780080461939
9780080955100
9781483294759
9781483293349
9780080507200
9780080933757
9780080557274
9780123810267
9781483285412
9780080527581
9780123850492
9780081011713
9780080529981
9780080519111
9780080509334
9781483263120
9781483264882
9781483265964
9781483273457
9781483161105
9781483271088
9781483263038
9781483265711
9781483269269
9780080917665
9781483221144
9780080457536
9781483140322
9780080960180
9780080875286
9781483296326
9780080954752
9780080570501
9780080547343
9780123813763
9781483221113
9780857094803
9781483258928
9781483276595
9781483267081
9780123884336
9781483257921
9781483295954
9780857099570
9780080556734
9780080510293
9780080551449
9780080565040
9780080871219
9780128012710
9780080873725
9780080929774
9781483266565
9780080874142
9780080887081
9780080873503
9780080512280
9780080472874
9780080871332
9780080873985
9780080549422
9780123869920
9781483294728
9781483295756
9780080867830
9781483295152
9781483296289
9780080880051
9781483290140
9780444598042
9780444600103
9780080872063
9780080510262
9780080943251
9780123850829
9780128007099
9781483263953
9781483220710
9781483274003
9781483278155
9781483161921
9781483218632
9781483141466
9781483266558
9780080481524
9780080872872
9780080956657
9780128099025
9780128141236
9780080951126
9780128050514
9780080502168
9780080874340
9780080549392
9780080871936
9781681080529
9780080872254
9780080489643
9780080887166
9780080970875
9780128110300
9781483294476
9781483265087
9780080982755
9781483263847
9781483262451
9781483270487
9781483269689
9781483269931
9780080931975
9780080510255
9780444600745
9780081012611
9780080527390
9780080874548
9780081023518
9780323139823
9781483259116
9780128015513
9780444640734
9780080530956
9781483273822
9781483159423
9781483151915
9781483263946
9780080956428
9780080872735
9780080872759
9780080470283
9780080532929
9780080872926
9780080516240
9780128122310
9780128031520
9780123918871
9780080955056
9780080872643
9780080880105
9780080867106
9780080956763
9780124017276
9780857099860
9781483214436
9781483183794
9781483217758
9780080960432
9780444594594
9780080960135
9780080531687
9781483258713
9781483262413
9781483262550
9780080887104
9780080871912
9780080956640
9780080871721
9780080537429
9780080872384
9780080503868
9781483259208
9780080874241
9781483290881
9780080956527
9780080867762
9780080955032
9780080954745
9780080954967
9780444536358
9780128116425
9781483146935
9780080873916
9780080873886
9780080958699
9780080464640
9781483296999
9780080551852
9780080471891
9780080956046
9780128024997
9781483263960
9781483258959
9781483262574
9781483214153
9780080956701
9780080872438
9780080565682
9780080874197
9781483267449
9780080529905
9781483214450
9781782420477
9780080577746
9781483217710
9781483164724
9780128026168
9780080952048
9780080871172
9781483187303
9780128033920
9780080951362
9780128023426
9780128040324
9780128098929
9780080958620
9781483153285
9780128133934
9781483257112
9781483190983
9781483216003
9781483262529
9781483149813
9780080951355
9780128039748
9780080502465
9780080531984
9780080531946
9780323138581
9781483276656
9781483260884
9781483265070
9780123869968
9781483271095
9781483160122
9781483265131
9781483275260
9781483266077
9781483218076
9780444600929
9780128111758
9780080872537
9780080867816
9780080871516
9789780080952
9780080954813
9780080875460
9780080867823
9780123846556
9780128103999
9781483104249
9780123848659
9781483268941
9780080934402
9781483267333
9781483272184
9781483257976
9781483188508
9781483263052
9781483259093
9781483269276
