9780444596383
9780081002612
9780080544717
9780444598233
9780444596826
9780080875774
9780080954370
9780444600349
9780444599308
9781483296203
9780444599742
9780444597335
9780080887548
9780444596345
9780080879901
9780444596758
9781483293479
9780444596833
9780444596703
9780444596369
9781855737471
9780128026199
9780123972378
9780081025529
9780123914323
9780080475462
9780080982236
9780081006924
9780081021231
9780080455716
9781437734706
9780080556833
9780080555423
9780080475035
9780128121948
9780080555683
9780128121931
9780080556314
9781927885307
9780080977454
9780080525686
9780080518596
9780080922416
9780323160261
9781483218311
9780080454344
9781483162409
9780081007112
9780857098733
9780081001639
9780080527161
9780857098474
9780857096524
9780444596864
9780128041444
9780815517733
9780444599919
9781483291314
9780444599483
9780080960593
9780857096906
9780444596673
9780323462938
9780444598943
9780444599803
9780444597212
9780128151402
9781483275352
9781845695248
9781845691134
9780128142394
9780123972965
9781483189529
9780123813114
9780081002001
9780857096012
9780857098887
9780323159388
9780857091031
9780123810182
9780123813152
9780857099235
9781782421573
9781845696931
9781855738881
9780080540771
9781845697792
9781483140100
9781782424840
9780444601926
9781483189475
9780857099259
9780080888163
9781483257426
9781855738324
9780857094926
9780080534794
9780080454443
9780080954301
9780080488264
9780081004500
9780080860206
9780080864587
9780080469782
9780080540252
9780080461021
9780080918617
9780080535975
9780323140119
9780123810083
9780080543253
9780080541013
9780080522524
9780080525464
9780080540306
9780080921143
9780444600998
9780080577593
9780080864457
9780128035023
9781845698522
9780080458403
9780124167469
9780323374651
9781455778935
9781782423881
9781782420637
9780323265058
9780080459325
9780444533326
9781845691189
9780124078550
9781845690809
9780815517252
9780080523422
9780323497831
9780080912646
9780080469799
9780080517162
9780080517179
9780080466545
9780080549682
9780080553078
9780080531465
9780080495729
9781483286730
9781845690915
9780080971735
9780081006047
9780081006054
9780080455969
9780080457581
9780080954363
9780128027066
9781437744583
9780128033999
9780080499758
9781927885208
9780080508023
9781845696375
9781845698058
9781437734560
9780080577753
9781845695545
9781483292366
9780080539218
9781845695460
9780080469904
9780080540948
9780323290609
9781845691141
9780080490786
9781845699796
9780081009741
9780857099075
9780323413916
9780080879697
9780857096401
9780444538093
9781483279114
9780323161947
9781483144825
9781845692834
9780081009024
9780124078925
9780081011010
9780815517900
9780128139271
9780080479743
9780080535418
9780857098771
9780857093677
9780857099204
9780857096920
9781845695866
9780323156677
9780080541211
9780081004944
9780123972903
9780444601254
9780128140185
9781483144764
9780128008249
9780323396189
9780857095503
9780128010921
9780128150689
9780857090256
9780323154895
9780128124574
9780323354332
9780128025000
9781845697679
9780128092286
9780080982823
9780080961552
9780080490076
9780323444903
9780080475110
9780081022757
9781845693060
9780857098603
9780323140881
9781845694012
9780857097224
9780857099891
9780857093097
9781483192277
9780857093158
9780323152457
9781483153421
9781845699772
9780857096265
9781845693145
9781483218175
9780323147651
9780128025918
9781845698560
9780857094902
9780444601520
9780128003374
9781483160689
9780323371285
9780080507590
9780080505657
9780128139073
9781855738652
9780128119839
9780128139059
9780080923925
9780080966960
9780080531786
9780080473253
9780080491578
9780080477145
9780080480398
9780080864211
9780128036303
9781455731534
9780323369961
9780444110770
9780080554723
9780081003411
9780815517092
9780815517283
9781455730032
9780080494043
9780080541860
9780080499871
9780815517689
9780080526126
9780323477222
9781483290300
9780080523712
9780080554686
9780080548814
9780128121894
9780080514055
9780080491240
9780128045787
9780080864372
9780080469935
9780080505848
9780124078307
9780080508832
9780815520221
9780080519883
9781845690649
9780128115053
9780080858289
9780080523767
9780080977669
9780128143377
9781483218298
9781483187297
9781483162676
9781483153216
9781483293233
9781483292632
9781845694593
9780080923635
9780080525341
9780128041932
9781483292090
9780080531526
9780080456010
9780080969893
9780080466408
9781927885321
9781927885000
9781483288239
9780080915128
9780080952239
9780081006108
9780123948328
9780080529745
9780080506890
9780128018019
9780080536323
9780081025802
9780080464886
9780080519890
9780080463605
9780080568799
9780323394079
9781845698690
9780444601179
9780128111130
9780080969930
9780080549965
9780128155134
9780080463919
9780080512242
9780080532349
9780080926445
9780815517771
9781455731091
9780080524108
9780080539553
9780081010761
9780080921808
9781845694685
9781483105253
9781483191133
9780444598172
9780323461498
9780815519560
9780124202351
9780124078321
9780081017715
9780128134788
9780857093530
9780128054352
9780080559087
9780444594648
9780080473918
9780080555898
9780081019092
9780080993904
9780080481364
9780081021781
9780128137307
9781782423201
9780080500737
9781483294124
9780080476315
9781483288918
9780815519751
9780080539904
9781483286709
9780080479736
9780080864518
9780080864426
9780815518204
9780080864631
9780080577739
9780080456140
9780080470375
9780080539386
9780128139929
9780123914712
9780080458960
9780128135167
9781483295510
9780323161596
9780080537276
9781845690625
9780323378086
9780081012505
9781845696610
9780081002667
9780080543383
9781483141039
9780080523750
9780080454368
9781483292045
9780857098122
9780080540900
9780323509671
9780081008003
9781483287652
9780323371216
9780080491226
9781845690786
9780080958606
9780815517115
9780123973245
9780080499260
9780128025208
9780128033647
9780081027332
9780080474823
9780081011331
9780323144346
9780080560106
9780323375221
9780857096036
9781455778645
9780444601186
9780081021804
9780081020548
9780124199965
9780323140713
9780323150132
9780323151207
9780323143288
9780857097163
9781483216713
9781483159157
9780323140386
9780080918792
9780080912653
9781483139784
9781483291512
9780123846594
9780080952208
9780444600363
9780444596802
9781782420798
9780323228633
9781845694425
9780815516804
9781483183275
9780081022481
9780080458557
9781780633299
9781483218229
9781483288857
9780080577685
9780080511986
9780444600301
9781437778373
9780081009925
9780080541914
9780080914992
9781782422631
9780080916897
9780080864488
9780080534992
9780080467788
9780080923895
9780080875729
9781483182025
9780323139083
9780080456492
9780128145227
9780080924748
9781782420392
9780857095497
9780080489803
9780080539270
9780081000601
9780128003107
9781483164106
9780080887227
9781782424765
9780323144902
9780323144476
9780080535708
9780857097743
9781845697372
9780323151092
9780323389594
9781782422884
9780081026731
9780128030448
9780080490052
9780081018866
9780080541907
9780857093516
9780080537252
9780080539287
9781483146195
9780323158343
9780128094310
9780080478753
9781455778577
9780080531656
9780124200135
9780815520764
9780080536057
9780128151105
9780080886954
9780857093493
9780323138604
9780857099334
9780080532943
9780323310178
9780080864969
9780080571393
9781483105970
9781483154428
9780081006405
9780080887487
9780080887715
9781483298450
9780444599476
9780080887371
9780444600264
9780444596635
9780444599858
9780124079199
9780081003589
9780323153379
9780857098993
9781483163390
9781845690328
9781483192444
9780323156219
9780857098900
9781782420828
9781782420958
9781855738560
9780857097637
9780857093684
9780080531052
9781845692933
9781483137940
9781483191089
9780123972927
9781855737006
9780323150163
9781845690793
9780080472447
9781845690984
9781845693749
9781855737648
9780857093226
9780080522951
9781845698621
9780080543901
9780857097828
9780123978141
9780128052273
9780123864741
9780080535876
9780128123270
9780081007259
9781483295527
9780128121900
9780080543413
9780128027158
9780128121924
9780857095626
9780080514062
9780080477091
9780080524610
9780081006153
9780080457055
9780128133569
9780080468303
9780080467382
9780080529707
9780323393126
9780080542409
9780080575834
9781483144795
9780080928821
9781483291994
9780128118214
9781845698577
9780081007464
9780444595492
9780080878621
9780080938455
9780080538204
9780080474724
9780081021408
9780444537911
9780323442053
9780815517566
9780323296434
9780080949819
9780081020425
9780080540757
9780080470160
9780081022061
9780081021613
9780081003961
9780080949642
9780128028032
9780323527262
9780081011966
9780323144353
9780080514307
9780128003794
9780444596482
9780080497471
9780815517160
9780128041024
9780128140345
9780444642028
9780080970363
9780128152560
9781483102948
9780081007280
9780080912004
9780815518655
9781437744606
9780857099112
9780323157209
9780323161206
9780080580395
9781483285665
9781483293929
9780323144803
9780323145978
9780080558202
9780080457710
9780080864259
9780080983837
9781483292113
9781483287034
9781483289793
9780080983608
9780080931050
9780444599087
9780081004920
9780128027516
9780080966663
9780815519881
9780080462783
9780857095572
9780857098696
9780857094551
9780857097620
9780857096432
9780857092625
9781845693473
9780857092878
9780444601261
9780857097064
9781483146416
9780857093318
9781855737594
9781845690151
9781855738928
9781483188652
9780124171398
9780124186811
9780080506289
9781845694739
9780857096418
9780128050583
9780128131534
9780080481371
9780080456522
9780080517339
9780080916323
9780080467658
9780857093271
9780080923864
9780081002841
9780081004548
9780123965455
9780080480190
9780124095342
9780080472737
9780081006221
9780444636416
9781455731985
9780081018873
9780815517665
9781483286785
9780815517498
9780080502823
9780444599278
9780080461991
9780080531533
9780080542782
9780080555492
9780080474991
9780080875767
9780080489988
9780444600615
9780815518280
9780080461526
9780081004999
9780080983738
9781455730575
9780080514543
9780323431774
9780080457338
9780080875705
9780323480208
9780080535111
9780080510507
9780080580449
9780080538723
9781483288901
9780080477565
9780080509297
9780323477185
9780080577609
9780080983660
9780080505565
9780323138857
9780128139295
9781845691042
9780080954318
9780080506791
9780081002476
9780080534268
9780080473741
9780081019788
9780128104651
9780080558028
9780080560519
9780080511696
9780080522043
9780080523996
9780323527286
9780080468143
9781455730353
9780815517207
9780444537812
9780323478885
9780080949659
9780080931609
9780081025109
9781845691554
9780080466941
9780815518099
9780081021309
9780080983707
9780123973078
9780128155424
9781483289762
9780444598592
9780815516477
9781855738546
9780081001196
9780080489995
9780124078567
9780080479590
9780080535579
9780081017463
9780323353038
9780857098962
9780128128350
9780815519133
9780323312691
9780080477473
9781483160986
9780080477305
9780080925554
9780444596352
9781483291758
9780080539539
9780323477215
9780080549293
9780857093561
9780857096197
9780857093844
9780444601865
9780857094018
9781845692544
9781483150505
9780444107640
9780080983554
9780857090843
9781845694456
9780080531571
9780857097651
9780080528953
9780323374668
9780080540733
9780080480121
9781483293899
9780080933955
9780080864334
9780128004159
9781782421290
9781845692858
9781483280233
9780080864877
9780080554716
9781855736993
9781845699598
9780857093967
9781782422198
9780080559681
9780080532196
9780080533643
9780444594495
9780080457949
9780080540986
9780080496108
9780080543482
9780080517261
9780081009963
9781455730124
9780081009116
9780323428873
9780815519683
9780444596390
9780080532714
9780081004616
9780080513089
9780080457659
9780080521954
9780080517193
9780323524735
9780444595218
9780123910646
9780080490007
9780815519232
9780081005835
9781855739932
9780080560335
9780123813190
9780323443982
9780124104792
9780080551241
9780080544373
9780080467535
9780080475288
9780080458540
9780081018880
9780124078543
9780444635143
9780080467993
9780323148733
9780323155236
9781927885123
9780080513881
9780080466736
9780323511162
9780081007433
9780128121818
9780080457529
9780815517757
9780815517597
9780080572086
9780080537238
9780128035658
9780081004296
9781927885178
9780123859051
9780815517658
9780080533957
9781927885369
9780080575520
9780080488400
9780080477930
9780081007068
9780080499802
9780080577678
9780080493725
9780080529639
9780815520283
9780857093554
9781845695170
9780080877174
9781845692261
9780857098757
9781483271811
9780857092205
9780080529721
9780080514833
9780080584171
9780080912165
9780080864464
9780080499512
9780857095633
9780857092779
9781483142081
9781483158174
9780857092977
9781845696429
9781845697662
9780080465364
9780080550558
9780128014813
9780080559407
9780081019115
9780080551258
9780128140659
9780080970547
9781845696573
9780080513256
9780323512725
9780081022986
9780081009659
9780081021156
9780323417341
9780128030301
9780081012550
9780080511566
9780857097750
9780081024478
9780081020647
9780128135815
9780128054680
9780128133484
9781455730599
9780081012499
9780323279383
9780080878393
9780128006702
9780081022290
9780080572666
9780080868257
9780080875200
9780444596642
9780444596918
9780080887388
9780080887531
9780444594600
9780444596543
9780444596710
9780128026786
9780081006412
9780444601100
9780323157698
9780323160728
9780323140805
9781483158914
9781483182155
9781483188393
9781483141664
9780444601841
9780444596123
9780080557038
9781483292281
9780080864020
9781483288932
9780080878560
9781483290010
9780080983639
9780080983585
9780815519188
9781455731282
9780444596796
9780080864181
9780815519744
9780815517610
9780323480581
9780080571034
9780080468648
9780081025086
9780081019139
9780080457383
9780080580401
9780857098641
9780080967905
9780857092427
9780323149617
9780080455068
9780857097712
9780080485966
9780080491783
9780080470368
9780128138410
9780080473864
9780080555782
9780080530222
9780128121825
9780128141533
9780857096111
9780081017524
9781437744705
9780128110928
9780128142417
9780128005262
9780080543734
9780080505473
9780080479576
9780080920023
9780857091413
9780128135952
9780323461450
9780080545554
9781845693565
9781845693640
9780081000540
9780857090423
9780080525822
9780323138987
9780080536347
9780080527352
9780080541006
9781483102399
9780857096449
9780815519195
9780080878201
9780323511346
9781483293820
9780128031995
9780080884448
9780080532059
9780815517634
9780128116326
9780080537269
9780323140799
9780080865058
9780081021972
9780857099211
9781845695453
9780080459714
9780080504490
9780857098931
9781483104874
9780080516288
9780080565453
9780857092175
9780128003190
9780080537214
9780080951850
9780080558516
9780128013212
9780444600288
9780080460406
9780080536804
9780081012512
9780815516248
9780080860213
9781483150550
9780080983653
9780080532295
9780080519760
9780128003077
9780128002537
9780128005019
9781483298405
9780081022344
9780080950839
9780444599018
9780128029923
9780123743961
9780080879932
9781483291390
9781483291536
9780080863993
9781845698775
9780080966694
9781782420378
9781855737549
9780123859846
9780123813138
9781845698034
9780857090416
9780081022771
9781845691066
9781483295237
9781483220123
9780080529882
9780857098498
9780444599445
9780857091376
9780124046078
9780080458373
9780080968148
9780124095298
9781483158372
9781927885147
9780080513171
9780080860244
9780815517085
9780080515182
9780080472263
9780124116108
9780080517186
9780080488332
9780080497839
9780081011614
9780815517177
9781455728015
9780080529820
9780123851499
9781483291109
9780123865083
9780080923932
9780080464039
9780080470818
9780080527192
9781483286693
9781483282244
9780124078376
9780080532141
9781483293240
9780444638700
9780128147078
9780080514239
9780080864938
9780080526188
9780080540566
9780080864648
9781483144818
9780080923871
9780080531878
9780081009673
9780857096760
9781483139210
9780080511559
9780080555041
9780080470177
9780081021118
9780128141335
9780080530437
9780081000625
9780081019740
9780857096142
9780128139219
9780323417358
9780080472362
9780128134412
9780323161909
9780323148726
9780080999210
9780444536006
9780080559667
9780080524177
9781845693558
9780081010723
9780124115361
9780128155448
9780080982670
9780815519775
9780080913032
9780323374996
9781437744880
9780080524030
9780857096296
9780444596772
9780080524900
9780815516378
9780857098597
9780080560847
9781845697822
9780123854704
9780123859723
9780080542775
9780857095701
9780323146180
9780323158770
9780323157223
9781483287966
9781483292250
9780080565033
9780080983981
9780080983691
9780123850904
9781845691998
9780128034279
9780080544885
9780444596789
9780444598707
9780080493268
9780080569123
9780080526218
9780080525457
9780080493251
9780815516545
9780857093257
9781845697433
9780323157766
9781782422648
9781845699444
9781845695477
9780080524634
9780323143516
9781855737624
9780857097149
9781483218939
9781845690434
9780857098504
9781483161891
9781845698928
9780857097057
9781845690946
9781845698652
9780080875675
9781845698706
9780081002568
9781855738911
9781782422938
9781855737631
9781483218113
9780080548791
9781845690427
9781927885222
9780444536891
9780080550138
9781782422945
9780080538631
9780857093752
9780815519478
9780323354073
9781483295442
9780081000694
9780815518723
9780080864242
9780080534350
9780815519584
9780080466729
9780080556741
9780081020975
9780323354080
9780080878539
9780080860152
9780080523880
9780080541273
9780080503806
9780128043608
9780081008829
9780080963563
9780080473642
9780080504865
9780080960678
9780080497877
9780080530413
9780080547510
9780080498683
9780080541457
9780128121276
9780444597595
9780080458588
9780080556406
9780080950716
9780124077294
9780444598967
9780080511849
9780080534688
9780128124642
9780815517764
9781782423478
9780080527666
9781437778908
9780815517702
9780080572635
9780080864983
9780081023006
9780080461243
9780080459738
9780080938554
9780080993768
9780080465166
9781782423218
9780080558158
9780080463674
9780080966410
9780081019436
9780128149829
9780080513799
9780857096203
9780128146002
9780080982687
9780081020449
9780081001387
9781455731527
9781782421726
9780081026427
9780080540191
9781782422921
9780081001264
9780081010242
9780080462950
9781437734744
9780128121146
9780815518624
9780081000847
9780080462929
9780081020999
9780815518914
9780080878553
9780080984643
9780444598745
9780323160469
9781483159003
9780080584126
9780323142533
9780323138413
9781483299327
9780080469515
9781483287362
9781483291932
9780323139816
9780080864099
9780123813589
9781855738904
9780323151801
9780128126523
9780080499574
9781927885390
9780080528816
9780080861180
9781845692537
9780444632777
9780080496566
9780080518008
9781845691097
9780857099013
9780080507903
9780080548074
9780857095640
9780857098580
9780323147354
9780857095619
9781483292410
9781483292649
9780080479828
9780080519593
9781483292298
9780857098764
9780081022856
9780857096500
9780857096258
9780323148702
9780857098542
9781855737570
9781483218625
9781845692483
9780128116333
9781455731961
9781455731602
9780080999500
9780081003428
9781782423430
9780080880365
9780123813176
9780128157732
9781455728053
9780323371223
9780128034286
9780080525471
9780080488127
9780323157070
9780124080713
9780080999180
9780444627452
9780444598448
9780815517719
9780080552293
9780081004289
9780080476544
9780323428910
9780080505695
9780080552743
9781437778687
9780081005132
9780815516569
9781483286778
9781782424000
9780128019405
9780080515588
9781845690939
9781483287423
9780080934624
9780080492124
9780444635389
9780081006061
9780080534091
9780081006696
9780080459561
9780080494142
9780815519386
9780080519807
9780815516873
9780081019290
9780444597564
9780080560472
9780080455686
9780323473460
9780080456126
9780080517148
9780080519203
9781455731251
9781855738553
9780080541280
9780081020951
9780128133507
9780081000830
9780080552101
9780323508797
9780080540399
9780080544342
9780080525235
9780128018101
9780128047835
9780080499727
9780081018736
9780080516073
9780128138977
9780123851338
9780081021576
9780323141154
9780323158220
9781483281407
9781483258829
9780080526225
9780444594099
9780323156202
9781483136233
9781483145013
9780323158336
9780080864952
9780080864297
9780323139557
9781483293004
9781483288925
9780080984698
9781483290416
9780444597410
9781483292830
9780815516385
9780080559179
9780128009888
9780080984599
9781483289786
9780444596437
9781483287393
9781483291833
9780815519768
9780080492803
9780081005842
9780444627377
9780080514086
9781782422358
9781845690755
9780080551784
9780080513621
9780128127933
9780080479750
9780080932958
9781483296593
9780080951614
9780444598134
9780080544892
9781483291680
9781483291628
9780444596895
9780080875842
9781483290379
9780444597168
9780444596567
9781483290447
9780080523927
9780124078383
9781856178716
9780080941530
9780080471495
9780081023778
9780080462769
9781455730056
9780323312233
9780323155755
9781845693817
9781845691622
9780857097033
9780857093134
9780857097477
9780857094698
9780857091390
9780857091420
9781483190662
9781845698843
9780081009376
9781845698553
9780128011447
9780323155687
9780128141359
9780080864433
9780080863948
9781845694104
9780080864051
9781483189512
9780080864365
9780128145043
9780080476902
9781782421276
9780323312721
9781782424871
9780081000786
9780080549552
9780123948366
9780080537108
9780080463902
9780444537713
9780080538945
9780080999401
9780080506777
9781455728008
9780080506128
9780815518389
9781437734843
9780080477596
9781483290560
9780815519713
9780128093849
9780444596888
9780080499635
9780081012901
9780081007426
9780323428903
9780128121917
9780128006580
9780080537696
9780080560045
9780080510095
9780080571355
9780080531557
9780080464947
9780080982113
9780080533827
9781845690854
9780080543314
9780815519805
9780128135112
9780128126080
9780080969169
9780128028933
9780323431781
9780128098851
9780080548425
9780080538884
9780080512136
9780081012628
9780815518761
9780128155141
9781845693664
9780080961842
9780857096234
9780080932040
9781483295534
9781856179645
9781483286570
9780080888705
9780080959658
9780080932453
9781483289298
9781483293059
9780080559414
9781782424758
9780444627445
9780128104613
9780124115347
9780444637208
9780080542867
9780080537627
9780081007860
9780080535470
9781437778410
9780323155441
9781483144924
9780323146500
9780080864907
9780323145930
9781483218267
9780444601223
9780080924069
9780080568768
9780080969879
9780815517603
9780857097156
9780128134054
9780080544694
9780323510851
9780444600127
9780080544670
9780081002087
9780080977690
9780444600660
9780080490106
9780128157893
9780123859860
9780080526232
9780323378307
9781855737464
9780857094599
9780857092939
9781845698782
9780857093240
9780128009109
9781845690892
9780081005859
9781483135816
9781845698881
9781483102955
9780857095602
9780128012741
9780080919843
9780857093233
9780857093264
9781483291475
9780128003084
9780081027646
9781483218137
9780323156080
9780444107794
9780080865133
9781455731558
9781782422150
9780080864129
9781855737488
9780080578910
9781845695415
9780080956114
9780323417389
9780081004609
9780080531953
9780323139267
9780080984025
9780080520414
9780080490083
9780080864105
9780080469942
9781927885024
9780815517450
9780080865188
9780815517368
9780080513188
9780081005217
9780080526249
9780080551913
9780081010372
9780080516103
9780080534589
9780323221283
9781483287416
9780080983615
9780080535609
9780323461511
9780128146163
9780444601322
9780128168967
9780081019153
9780080462004
9780128146224
9781483287874
9780123868879
9780128136720
9781483293905
9780081025413
9780323158695
9780080925622
9780080528939
9781483293875
9780080463711
9780080504513
9780080527178
9780080480015
9780128043691
9780081023792
9780323394062
9781782421788
9781483294155
9781845696856
9780323354356
9780080553863
9780081000557
9780080864495
9780080915067
9780080492377
9780323154970
9781483216706
9781483286723
9780444601360
9780080529349
9780128155431
9780080460376
9780080554693
9780080525983
9780323393140
9780080473512
9780080864150
9781845696498
9780128126608
9781845693169
9780080557724
9780128092927
9781483296517
9780080966397
9780080472546
9780080536231
9780080525266
9780080865096
9780080529769
9780080554679
9780080522456
9780080533148
9780080548852
9781483290898
9780323497817
9781483288390
9780080455556
9780128015995
9780081021262
9780080981994
9780444601476
9780444633828
9780080534176
9780323265041
9781483186429
9781483193663
9781483161037
9780128014707
9780080875798
9781782424024
9780323417396
9780080490243
9780080527109
9780080983677
9780080505817
9780128137956
9780080541020
9780080575827
9780080468631
9781782424925
9780080887500
9780857096210
9780081007921
9781845691929
9780080580388
9780857098955
9781782424949
9781845694241
9780857096159
9780444597397
9781845690403
9780124157910
9781845690380
9781845690991
9780323157285
9780857093004
9781855738850
9780080499987
9781483102986
9781455731589
9781483193731
9781845691271
9781483218335
9781483102993
9780128110348
9780857095831
9780857096104
9780123858627
9780128129678
9780081001844
9780444635020
9780323141628
9781483106014
9781845698935
9780857096425
9780857097231
9780857096746
9780128033609
9780128135754
9780080456966
9780815516491
9780123751799
9780080530246
9780080544489
9780323511056
9780080539102
9780081006962
9780857098726
9780081010280
9781483218168
9780857097859
9781782423454
9780123859075
9781483290409
9781483293981
9781437734829
9780080575841
9780080864891
9780128136768
9780323461474
9780080527406
9780323473606
9780124171725
9780128141618
9780080545653
9780080965284
9781483294025
9780080531960
9781782423447
9780080499611
9780080541808
9780080984162
9780128155400
9780123751645
9780128109960
9780323141307
9780444597298
9780815518990
9780815518235
9780080526195
9780080529967
9780080531373
9780080915104
9780128139110
9780081022979
9781845698508
9781483165530
9780080994321
9780128146187
9780080864556
9780080888668
9780815516552
9780080492445
9780080540382
9780444599773
9780128144817
9780444537010
9780123884183
9781483294001
9781845690762
9780080864396
9781782420262
9780080540955
9781782421580
9780857097545
9780857098627
9781483193205
9780857090553
9780323138895
9780323144131
9781845690694
9780080477428
9781782420491
9780081001578
9780080941851
9780128041857
9780080942551
9781437744620
9780323389280
9780128135150
9780080514079
9780080479972
9781483278490
9780323141642
9780128047583
9780080952062
9780815519270
9780128032503
9780323153607
9780080999302
9780323527323
9780128052075
9780815516330
9780323497770
9780080472775
9780323389600
9781782420361
9780080462837
9780444599469
9780444599933
9781782421092
9780128095669
9780081019184
9781483280127
9781845695552
9780080865010
9780080994352
9780080884486
9780080493244
9780323221337
9781855739925
