9780444598035
9780444596383
9780080872087
9780080875774
9781483290133
9781483290393
9780444600349
9780444599308
9780444599742
9781483290669
9780444598080
9780080912561
9781483298214
9780444596833
9780123972378
9780128054376
9780080539003
9780080477329
9780123851864
9780080475462
9780081008973
9780080550084
9780080540610
9780080499079
9780080529547
9780081012338
9780081026540
9780080914893
9780080982236
9780444637543
9780080982908
9780080455716
9780080514321
9780123854766
9780080949512
9780124095953
9780123859211
9780080470139
9781437734706
9780080958996
9780128127384
9780080912295
9780080983059
9780080914428
9781483289915
9780080557557
9780080555423
9781483298771
9780080498782
9780128009116
9780081017784
9780080555683
9780128131091
9780080525686
9780128112199
9780080541877
9780080518596
9781845699765
9780080922416
9780323145145
9781483102245
9781483183077
9781483104966
9781483159447
9781483136967
9780080454344
9781483102016
9781483105413
9781483164090
9781483182230
9781483102061
9781483145372
9781483188041
9781483135465
9781483141428
9781483156965
9781483150918
9781483102054
9780857098474
9780080917702
9780444596864
9780128041444
9780815517733
9781483298139
9780124186668
9780128097052
9780123855497
9780444598943
9780080470252
9781483290492
9781483291086
9781483276687
9780128151402
9780123977762
9780123977823
9780080489339
9781845695248
9781845691110
9781845699932
9781483105109
9780123813114
9781483153605
9781483159683
9781483147796
9781483136851
9780081002001
9780128098936
9781483142128
9780080555959
9781483145471
9781483149783
9780124077393
9780857099235
9780128009437
9781483214955
9780857097835
9781483193755
9781483139999
9781483140391
9781483148373
9781845697792
9781483163758
9780444601926
9781483292823
9781855738898
9780080496504
9780080497921
9780080503998
9780128010983
9780123948205
9780080480855
9780080539614
9780080507897
9780080541198
9780857090201
9780444601063
9780080534862
9780323153478
9781483102047
9781483193748
9780128031070
9780080456171
9780080982861
9780080493862
9780123860460
9780080870298
9780080525464
9780080464855
9780080577593
9780128018743
9781845698522
9780123983329
9780123985170
9780128001899
9780323374651
9781455778935
9780124199774
9780323265058
9780080521305
9781483294261
9780080459387
9780080956411
9780444533326
9781845691189
9781845690908
9780124078550
9780080499031
9780081008072
9780080558349
9780080469799
9780128023617
9780080517162
9780080517179
9780080956367
9780080488097
9780080553078
9780080459370
9781483287164
9780080949895
9780080547206
9780080457970
9780123850744
9780128033999
9780080499758
9780444597496
9780080508023
9780080520469
9780080518183
9780080564111
9780080503080
9780080526614
9780080519357
9780080563909
9780323139953
9781845696375
9781845693541
9781845694043
9781845698058
9781483219264
9780080454290
9781437734560
9780080577753
9781845695545
9781483292366
9780080500126
9780080564029
9781483286662
9781780633589
9780323139960
9780080469904
9780080540948
9780080928685
9780080532769
9780080536590
9781483294612
9780080507651
9780080490786
9780080960005
9780128124123
9780128026656
9780080549286
9780080525303
9780080538280
9780080977713
9780857096401
9780857090812
9781483161617
9781483139333
9781483159843
9781483160177
9781483147758
9781483105024
9781483135892
9781483153094
9780080542324
9780081009024
9780080950808
9780080535173
9780323297981
9780081023402
9781845696849
9780080918495
9780080479743
9780815518051
9780124104211
9780080938035
9780857098771
9780857099204
9780080481791
9780857096920
9781483144481
9781483161242
9781483189291
9781483162164
9780080560748
9780080462516
9781483286792
9780080550442
9780080508139
9780081011867
9780080494173
9780080459523
9780815517825
9780081005781
9780081006610
9781483183169
9781483188324
9781483188737
9781483147246
9780128141113
9780124159693
9781483158778
9780128141274
9780128052822
9780080549439
9780080557120
9780128137895
9780128010921
9780128136539
9780128045824
9780323152877
9780323152532
9780128132975
9780128123249
9780128047484
9780081001103
9780128092323
9780080533407
9780128025000
9780128092286
9780128134900
9780128104477
9780080982823
9780080961552
9780080490076
9780080475110
9780080949345
9780857098603
9780323162883
9780857094674
9780128039366
9780857096135
9781483190563
9780857097224
9781845695729
9781483161846
9780323140874
9780857096708
9781483151618
9781483160344
9780857093868
9781782422396
9781483140803
9781483105581
9781483188997
9780857093158
9781483105062
9781483136059
9781483151335
9781483105260
9781483213842
9781483144887
9781483135731
9781483105437
9781483141459
9781483141404
9780323160872
9780128003312
9780128026021
9780857099433
9780080477114
9780128038222
9780080514345
9780323145060
9780080507590
9780080505657
9781855738652
9781483105246
9780128053393
9780080491578
9780080503714
9781455731534
9780080554723
9780815517092
9780081028063
9780815517283
9780080494043
9780080474656
9780080557151
9780080535661
9780080875866
9780080500836
9781483291352
9780815517689
9780080513218
9780080490984
9780080512761
9780080951553
9781483294988
9780128001905
9780128099476
9780128121894
9780080956350
9780128127490
9780080867212
9780080514055
9780080956015
9780080470498
9780081023617
9780080575797
9780080949444
9780080864372
9780080529417
9780080469935
9780080535678
9780080505848
9780080529660
9780080508832
9780815520221
9780080519883
9781483297460
9780080497815
9781483147574
9781845690649
9780128123201
9780128019641
9780080508634
9780080934716
9780080528977
9780128162729
9780323144865
9780323151085
9781483215860
9781483263106
9781483270234
9781483271552
9781483101958
9781483193779
9780323146968
9781483102368
9781483159744
9781483147475
9781483192604
9781483158198
9781483183213
9780080984612
9780444600356
9780080556970
9780444596406
9781483298528
9781483298108
9780080921860
9780080506838
9780080923635
9780128010495
9780080505398
9780124173064
9780123977717
9780128011546
9780080969893
9780128122891
9780080465104
9780080473420
9780080952239
9780081006108
9780123948328
9781455731510
9780128498811
9780080470399
9780080972404
9780080510590
9780080961125
9780080516424
9780128018019
9780080880310
9780080536323
9780080468198
9780080540603
9781782421108
9780080474816
9780080551975
9780128098752
9780080480237
9780080542256
9780080475813
9780080931203
9780080464886
9780080519890
9780080506623
9780080568799
9780323481038
9781437735192
9780080540047
9780080517346
9780081010518
9780081019627
9780124157903
9780080532752
9780080530949
9780080514864
9780080969930
9780080512242
9780124077379
9780080531038
9780128132685
9780123973382
9780080877976
9780080558509
9780080916354
9781483292151
9780080503271
9780080539553
9781483162287
9780123852151
9780081010761
9780128038796
9780444600295
9780080999838
9780080866819
9781483105253
9781483105185
9780323152976
9781483152165
9780444598172
9781483183244
9781483155647
9780080524139
9780128134887
9781483296876
9780323153690
9780124202351
9780080552057
9780080555379
9780080455587
9780081017715
9780080537092
9781483298078
9781483284989
9780080559087
9780444594648
9780815515982
9780080960982
9780323141345
9780128127322
9781483217222
9780080469928
9780080993904
9780080481364
9781483150840
9780080459158
9780080530789
9781483189109
9780323156431
9780128112465
9780080955858
9781483296906
9780815516842
9780128145982
9780080530833
9780128131138
9781483161808
9780124158788
9780815519751
9780080864518
9781483292533
9780080864426
9780080519777
9780080456140
9781483298948
9780128045770
9780080470375
9780857097576
9780080539386
9780080535289
9781845695217
9780080569703
9780080491097
9781782421863
9780323161831
9781483295510
9781483219400
9781483287300
9780128033463
9780080536620
9780080478470
9781845696610
9780128141922
9780080983523
9780080497532
9781483152998
9781483189918
9780123978677
9781483296883
9780128111567
9781483297927
9780123876843
9781483163994
9780080918549
9780080480282
9781483292045
9780857098122
9780080540900
9781483159430
9780080527147
9780323158114
9780123757166
9780080955834
9780080958668
9780080868783
9780815516453
9780323371216
9780080558585
9780128025901
9781845690786
9780124202221
9780080488837
9780815517115
9780080499260
9780124081116
9781782423249
9780323352888
9780128011782
9781483188478
9780080884943
9780123884213
9780081027332
9781483145051
9780080560120
9780323143714
9780080473796
9780080456034
9781483265421
9780080553429
9781845691585
9780857096036
9780080527550
9780080563954
9780128168882
9781483299402
9780123869753
9780081020548
9780080563916
9781483216522
9780124199965
9781483162324
9781483157283
9781483165066
9780323160926
9781483148090
9780080982915
9780080955773
9781483291741
9780124201026
9780323141659
9781483150987
9781782423980
9780128121665
9781483289458
9781455778942
9780080559193
9780128042700
9780080473994
9781483291512
9781483291550
9780444599063
9780080952208
9780080875910
9780444600363
9781782420798
9780080875415
9781483290386
9780080916613
9780080513690
9781483290522
9781483160511
9780080458557
9781483217260
9781780633299
9780080983752
9780080577685
9780080511986
9780080467078
9780444600301
9780080510286
9780815516958
9780081009925
9780080536637
9780080497488
9780444600202
9780080870021
9780123982919
9780080914992
9781782422631
9780080493503
9780128146422
9780128126738
9780080534992
9780080543215
9780080875729
9781483184265
9780128162477
9780080498072
9780080924748
9780080984865
9781483297811
9781782420392
9780323157827
9780857096272
9780857099464
9781483269108
9780128003268
9780080539270
9781483193311
9780323155151
9780080469805
9781483105321
9780444600486
9781483192352
9780857094575
9781483273471
9781483193786
9780323147811
9780857090966
9780123972989
9780128036273
9780323389594
9780123838438
9780080455983
9780128030448
9780128112434
9780857093516
9780323155298
9781483217314
9780080537252
9780323150989
9780128130421
9780323151214
9780323150057
9780080511931
9781483155319
9781483146959
9781483181677
9781483154213
9780323150637
9780323150316
9780128143643
9780080478753
9780080470504
9781483141633
9781483136547
9780128007860
9780128019207
9780080942520
9781483188416
9781483139418
9781483158457
9780080488707
9780080497945
9781437778328
9781455776764
9780080531656
9780123972385
9780815520764
9780080536057
9781437778748
9780128038246
9781483296784
9780323310178
9781483259369
9780080563961
9781483102498
9781483265698
9781483192161
9781483183992
9781483135557
9780080962160
9781483104935
9781483102597
9781483294773
9781483298368
9780080549262
9780081006405
9780128148020
9780080875071
9780444635860
9781483298641
9780124079199
9780128038550
9780123814005
9780124071513
9780127999739
9781483105130
9781483102511
9780323152518
9780124165779
9781845690328
9780323154635
9780857093608
9780323145381
9780323159920
9781483278438
9780323157797
9781483260075
9781483162768
9781845694463
9781483214931
9780857095183
9781845693398
9781782420828
9781855738560
9781483102009
9781483146751
9781483183954
9781483163888
9780857095893
9781845698751
9780128016657
9781483215051
9780128032312
9781483151793
9780857093226
9781483152448
9781483162058
9781483148892
9780080522951
9781483163260
9781483105314
9781483162874
9781483298344
9780123972224
9781483165028
9781483186870
9781483291918
9781483153841
9781483298917
9780123978141
9780080495347
9780444538659
9780123973009
9780080955803
9781483298764
9780080491998
9781483296623
9780128121900
9780080543413
9780128121924
9780080505404
9780080956602
9780857095626
9781483291468
9781483287270
9780080559650
9780080477091
9780123822444
9780123965424
9780323151290
9780444634665
9780128114094
9780080480145
9780080537016
9780080555997
9780815517009
9780123944092
9780128094990
9780128051443
9780080521893
9780080575834
9780080537399
9780080470030
9780080542812
9780128034187
9780080928821
9781483291994
9780080480268
9780128028070
9781483298856
9780080470238
9780080938455
9781483139951
9780123978059
9780080455488
9781483189871
9780080923512
9780080474724
9780128135938
9781483160375
9780323442053
9780815517566
9780080509747
9780080541266
9780080949819
9780080530932
9780080455624
9780080572642
9780123965103
9780080541952
9780080499055
9780080558622
9780080943541
9780857098832
9780080949642
9780080966755
9780128017678
9780128126561
9780081022177
9780080971520
9780080521008
9780080514307
9780128003794
9780128045374
9781483287812
9780081019474
9780080497471
9780080472522
9780080560052
9780080951348
9780323139281
9781437778823
9781483164113
9780080525273
9781483145105
9780815518655
9780857099112
9780128129746
9780081009505
9780080568812
9780081003534
9780323154536
9780080994291
9781483102405
9781483105178
9780323140621
9781483298849
9781483296104
9781483293929
9780080523958
9781483213828
9780080984766
9780124115217
9781483138213
9781483279930
9781483296890
9780444600455
9780123847010
9780128027516
9780080966663
9780081017562
9780124159822
9780124078864
9780080491905
9780815519881
9781483217116
9780323154659
9780323141369
9781483269825
9780857095350
9780857098696
9780857094551
9780857096043
9781483188065
9781483259628
9780857093851
9781483214061
9781483139197
9781483140025
9781483158600
9780857096357
9781845697457
9781483156378
9781483154480
9780857097064
9781855737594
9781483105574
9781483102153
9780444601452
9781483188652
9781483191300
9780128098837
9780124186811
9780323152365
9781845694722
9780080521695
9781483101989
9780080506289
9780080469881
9780080481647
9780124201576
9780128112786
9781483288970
9781908818119
9780080481371
9780080984902
9780857091024
9780080467658
9780080470542
9780857093271
9780080491196
9780857093196
9781483147963
9780080458083
9780124017078
9780123865106
9780080540498
9780124166462
9780123948212
9780080460086
9780080970943
9780080480190
9780080472737
9780815516446
9780815517665
9780080942582
9781483290348
9780815516439
9780124158818
9780123983794
9781483297965
9780080509433
9780080555492
9780080474991
9780080875767
9780080489988
9780080516387
9780815518358
9780815518280
9780080529479
9780081005903
9780080508474
9780081004999
9780080470931
9780444598011
9781483295619
9780080983738
9780128125236
9780128125403
9780444599889
9781455730575
9780080543666
9780080514543
9780081009895
9780080875705
9780080535111
9780080943312
9780080510507
9780080928715
9780080509297
9780080548234
9780080577609
9780080505565
9780080556994
9780080533926
9780080543468
9781845691042
9780080488769
9780080473857
9780080470474
9781483294056
9780080459592
9780128119969
9780080530147
9781483292564
9780080523149
9780080529400
9781782420446
9780080504773
9780123914163
9780080506791
9780080473833
9780128162514
9780857094827
9780080530239
9780080531731
9780128044162
9780080479491
9780080523996
9780080523552
9780128128183
9780128026069
9780123978240
9780128035672
9780080457109
9780128039830
9780857090805
9780080468143
9780080962993
9780080572284
9780080919652
9780080535258
9780123852038
9780080949659
9780081003398
9780128117194
9780080879321
9780080466941
9780080551432
9780081003732
9780080961811
9780123948298
9781483297903
9780080456553
9780080542348
9780123973078
9780080480688
9780128034422
9780080961187
9780128155424
9781483298740
9781483294360
9780815516477
9781483298306
9780080489995
9780080529295
9780124078567
9780080462615
9780123870018
9781483298955
9780080503103
9780123985163
9780080511191
9780815518778
9780323353038
9780080938127
9780080543673
9780815519133
9780323312691
9780080477473
9781483217192
9781483217772
9780323162746
9780323162685
9780323162906
9781483217208
9780323144711
9780323141994
9781483190426
9781483141671
9780444601759
9780323162371
9781483181691
9780323152198
9780080497723
9781483292007
9781483181783
9781483105000
9781483184319
9780080477305
9780128104095
9780128125953
9780080550725
9780128018484
9780080875958
9781483291758
9780080923024
9780080544878
9780124160002
9780080515465
9780081009031
9780080878133
9780444597236
9780323163057
9780080521923
9780857091444
9781845697488
9780123914101
9780081000076
9780080535838
9781483221106
9781483105093
9780444601568
9781483156293
9780128038741
9780123814234
9781483152325
9780128010815
9780323162623
9781845697020
9780444601865
9781483189079
9780124095328
9780444601438
9781483102030
9780857092199
9781483184326
9780123978493
9781483141701
9780444543240
9781782421702
9780857092908
9781782421900
9781483213859
9781782421931
9780857090843
9781483146911
9781483139449
9780857098115
9780080531571
9780323149747
9781483101996
9781845696825
9780123865366
9780080533636
9780080543321
9780080500768
9780080480121
9780080556802
9781782420576
9781483293899
9781483144535
9780128018002
9780123914682
9780128004159
9780080928593
9781845695835
9780080554716
9780080477756
9780857097729
9781856175760
9781483189598
9781845699598
9781483270401
9780080518053
9780080535067
9780080533643
9780124095229
9780080465340
9780080517261
9780081009963
9780080507163
9780080523248
9780123746474
9780081009116
9780080481654
9780080558066
9780081027615
9780080551197
9780080477183
9780080469966
9780080510583
9780080532714
9780080536064
9780081004616
9780080508627
9780081006870
9780080513089
9780080457659
9780080517193
9781483216645
9780128023365
9780123965097
9780080460079
9780080490007
9780081012017
9780080524016
9780080509136
9780123965196
9780081005835
9780080523774
9780080505282
9781483295138
9780080551241
9780080559117
9780080475387
9780128042106
9780857099716
9780124046009
9780323162999
9780123973283
9780080461892
9780080511719
9780080513416
9780815519164
9780080914039
9780080519678
9780123849168
9780080492247
9780081029244
9780444600844
9780815517757
9780080540351
9780080491523
9780081004296
9780123868756
9780444598240
9780080552811
9780080962054
9781483298115
9780080572505
9780128099223
9780080533957
9780080529790
9780080474755
9780323312714
9780080575520
9780080502625
9780081007068
9780080495156
9780080541259
9780080480978
9780080499802
9780080577678
9780080533100
9780127999791
9780815520283
9780857093554
9781845695170
9780080552835
9781483267531
9780857092564
9780857092151
9780857092205
9780080518398
9780323140010
9780080519234
9780080514833
9780080529950
9780080865171
9780080502601
9780080513027
9780080508542
9780080912165
9780080864464
9781437778335
9780123810205
9781845692292
9780857092779
9781483148915
9781483101941
9781483146843
9781483152783
9780323144421
9781483101606
9781483102641
9781483135397
9780323141727
9780080465364
9780080550558
9780124104846
9780080928548
9781483145068
9780080505664
9780081007327
9780080551258
9780080513256
9780080971247
9780080559063
9780128020647
9780081021156
9780081004692
9780128025581
9780080516233
9780815519409
9780323151498
9781483136455
9780128030301
9780080474007
9781782423911
9780080559162
9781483298399
9780128003022
9780123757180
9780128123744
9780128037065
9780081024478
9780080478913
9780080518862
9781483155357
9781483157023
9781483136240
9780080921693
9780124095250
9780081009321
9780080470979
9780080878393
9780128006702
9780080480527
9780080572666
9781483290102
9780444597175
9780444597588
9780444598936
9781483291796
9780080870250
9780444597250
9780128166239
9780128026786
9780081006412
9780128125823
9780080457857
9780323159371
9780323149709
9781483216690
9781483265919
9781483259376
9781483268279
9781483215716
9781483214429
9781483276793
9781483193854
9780323146715
9781483101965
9781483151519
9781483186801
9781483161518
9781483187747
9781483187006
9781483141008
9781483152349
9781483184166
9781483145358
9781483140285
9780444601841
9780323155304
9781483145129
9780323162289
9781483298993
9781483296920
9780080517377
9780080480886
9780815519188
9781483298146
9781483298900
9781782422259
9780080922881
9780815519744
9780128041147
9780080966779
9780128054369
9780080468266
9780127999876
9780080468648
9780080554334
9780128139653
9780123859433
9780080533735
9780080558592
9780123848895
9780128096017
9780080457383
9780857098641
9780857092427
9780080458939
9780080527734
9780080516998
9780080513614
9780080455068
9780857097712
9780124171039
9780123854742
9780081006214
9780080470368
9780128140369
9780080455464
9781483297316
9780081010389
9780080500850
9780080526805
9781483298795
9780080530222
9780323323550
9780857099297
9780444639912
9780080529677
9780080519067
9780128027400
9780080523651
9780080999890
9781437744705
9780080510491
9780080553955
9780080537122
9780080970981
9780128023419
9780081021194
9780081012352
9780080955896
9780080543734
9780123972842
9781437778083
9780080481616
9780081019450
9780080951119
9780128038239
9780080994192
9780080469959
9780080983745
9780080545554
9780128123102
9781845693565
9780081000540
9780857090423
9780080921938
9780080983875
9781483293042
9780080880099
9780080466248
9780128011775
9781483135632
9781483102399
9781483146980
9781483188256
9780323149075
9780080878201
9780080982267
9780128043950
9780124202108
9780128155264
9780080920887
9781437735154
9780444601391
9781483145075
9781483181516
9781483163628
9781483294926
9780815517634
9780080488288
9780128011454
9780081001080
9780080524405
9780080982007
9780080984131
9781483190648
9780080473895
9781483289588
9780080498140
9781845695668
9780080943619
9781845695453
9781855737532
9780323162913
9780080504490
9781483104874
9780080516288
9780323160452
9780323261906
9780123972392
9780123810281
9780080472300
9781483298375
9781483105307
9780080914435
9780080951850
9780080558516
9780128008195
9780123851291
9780080525655
9781782420552
9781437778311
9780080518800
9780815516248
9780323162562
9780323162272
9780080525914
9780080532295
9780128002537
9780128005019
9780080478487
9780080950839
9781483159386
9781455730469
9780080456904
9780080518770
9780080577760
9780128029923
9781483298610
9780128154885
9780080983219
9780080867236
9780080872544
9781845695736
9780080966694
9780323146746
9780080875446
9781483104942
9781483105345
9780123813138
9781856178310
9780857094865
9781483257631
9780123808639
9781483298269
9780123979025
9781845692902
9780080966793
9780080458373
9780124095298
9781483102504
9780080549590
9780080488073
9780080456294
9781483187679
9780080513171
9780080517186
9780080556369
9780080488332
9780815516217
9780080557571
9780815517177
9781455728015
9780081010778
9780080512266
9780080470900
9780444598363
9780080473567
9780080458502
9780080508405
9780080462622
9780444599575
9781483298801
9780080498157
9780128026014
9780080473673
9780080515083
9780080470818
9780080474762
9781483294117
9780080527192
9780080925820
9780444600400
9781483148182
9781483162010
9780080532141
9781483293240
9781483183510
9780323152075
9780080514239
9781483181790
9780323163170
9780080958675
9781483148977
9780080526188
9781483182186
9781483137513
9780323139519
9780080516479
9781483163420
9780080864648
9780128123065
9780080956251
9780128112380
9781483189727
9781483135755
9780128034354
9780128034965
9780080521039
9781845698744
9780081009734
9780815520245
9781483147444
9780080515519
9780444601742
9780128028902
9780081000588
9780857096760
9780128045404
9781483184234
9780128006719
9781483144498
9780815519522
9780128145449
9780128129333
9780128133965
9781483187969
9780080555041
9780080517209
9780080518237
9780128154328
9780080480138
9780081021118
9780323154949
9780123821911
9780080530437
9780081000625
9780128051139
9781483279879
9780081003046
9781483279619
9780080507293
9780857095886
9780081011355
9780080478968
9780128126103
9780080542973
9780080472768
9781483140520
9780128134412
9780123983244
9781483163383
9780323149730
9781483186931
9780323153584
9780323158428
9781483181660
9781483163352
9781483182384
9780080471433
9780128025888
9780124159808
9780080460789
9780081023891
9780080545356
9780080523835
9781845693558
9781845698904
9780080535593
9780080961699
9780080457116
9780080519005
9780128142059
9780123821034
9780080923161
9780080982670
9780080551708
9780815519775
9780080529868
9780080913032
9780323374996
9780128110218
9780080524191
9780080531991
9780080505688
9781437744880
9780080543543
9780080524900
9781483298160
9780444598158
9780080550787
9780815516378
9780080534626
9780857098597
9781845697822
9780080920726
9781483262994
9781483104997
9781483105543
9781483299037
9780080525693
9780323159883
9781483193120
9780080877051
9781483105499
9780080984629
9781483105567
9781483104928
9781483161273
9781483150901
9780080565033
9781483297941
9780123854902
9780323389693
9780080570020
9780128005750
9781483298382
9780080544885
9780081002186
9780444597366
9780081003916
9780080493268
9780128038215
9780080555843
9780128103937
9780128027035
9781483217062
9781483182049
9780080525457
9781483105420
9781483136684
9780080493251
9781437728194
9780815516545
9781483106205
9781483190969
9780080949338
9780857096890
9780857093257
9781845698959
9781483268804
9781483136158
9781845697433
9781483216652
9781483217239
9780857092588
9780080455709
9781483102184
9781483215075
9781483273648
9781483272153
9780080524634
9781780631745
9781483164083
9781483188218
9780857098504
9781483165271
9781483144504
9781845698928
9781483147086
9780080875675
9780080560601
9781483160542
9781782422938
9781483145884
9781483146966
9781483188058
9781855738676
9780080468044
9780080538631
9780444601032
9781483295442
9781483292526
9780080466026
9780080511009
9780080534107
9780080960906
9780080499086
9780080514451
9780080478692
9781483295206
9780080513430
9780080563978
9780128041086
9781856178419
9780080523880
9780080511764
9780080541273
9780080919218
9780080493787
9780323160865
9780128095003
9781483297590
9781483296869
9780128118948
9780080556345
9780080913155
9780080504865
9780080519791
9781483297613
9780080530413
9781483296845
9780080875828
9780080870342
9780128036969
9780080491134
9780128157596
9780080523576
9780080458588
9780080556406
9781483140957
9780123978219
9780080539065
9780080540436
9780080511849
9780080556109
9780080480091
9781483191263
9780124199767
9780128124642
9780815517764
9780815516859
9780080531229
9781782423478
9781483294087
9781437778908
9780080572635
9780080931036
9780123869883
9780080938554
9780080923536
9780080553146
9780080993768
9780080465166
9781782423218
9780081023594
9780080558158
9780080555836
9780080545585
9780080463674
9781856178334
9780080527604
9780080565699
9781483154206
9780080499956
9780080575865
9780080966410
9780081019436
9780080527826
9780080473901
9780080971476
9780080949505
9780857096203
9780080505978
9780128017968
9780080549484
9780081001387
9780128140062
9780128112137
9780128131909
9781782421726
9780080469980
9780080551319
9781437728224
9780080556017
9780080493855
9780080473345
9780081021002
9780081019023
9780081006658
9780081001264
9780080548685
9780080462950
9780080961859
9780080506906
9781483145655
9781483135403
9781483151120
9781483145556
9781483163192
9780081000847
9780080949666
9780128038895
9780128041758
9780080493077
9781483190389
9781483144689
9781483147369
