9781780631585
9780128110577
9780080469560
9780128045046
9780128002001
9780444637543
9781597494878
9780080558707
9780080942131
9781597495509
9780080887302
9780128013755
9781597499521
9780080467764
9780081020142
9780080570143
9781597499811
9781782424703
9780128004722
9780080878607
9780080457239
9781483192420
9780124104457
9780123978172
9780127999753
9781908818027
9780124166608
9781845699970
9781780632230
9780124072077
9780080476537
9780124201828
9780080481746
9780080471884
9780080470658
9780080532318
9780080491028
9780124159105
9780080478166
9781845698522
9780080480732
9780080521305
9780081008072
9780080460413
9780080548319
9780080488752
9780080492933
9780080476551
9780080494982
9780080504650
9780080535227
9780080489056
9780080558783
9780080493411
9780124172395
9780080468891
9780080517759
9780080518183
9780080519357
9780323139953
9781845697778
9780080553405
9780080489391
9780323139960
9780128044964
9780080503448
9780080569697
9781780634463
9781780634494
9781597494885
9780123819512
9780128045008
9781855737099
9780080524849
9780080517742
9780080488974
9780124115910
9780080541211
9780080467566
9780080558790
9780080555881
9780080494173
9780080489438
9780080476995
9780080556888
9780128113776
9780080477404
9780128008249
9780128009178
9780128010921
9780080553979
9780128037027
9780128029312
9780128044995
9780123821751
9780124158689
9780080984308
9781780632063
9781782422396
9781780632407
9780128026021
9780128014882
9780128008119
9780124201804
9780124166585
9781597497305
9781597497398
9780080545455
9780080558653
9780128018026
9780080476988
9780128019634
9780128030011
9780444110770
9781483290294
9781483291048
9781856179775
9780080462813
9780080553665
9780080545042
9780080489858
9780080480459
9780124104969
9780080965178
9780080510644
9780080469492
9780080959092
9780123870179
9780080569529
9780123850584
9780124172166
9780124115835
9780080516424
9780080536323
9780080554358
9781597495622
9780128006023
9780123820297
9780124165663
9780080569178
9781483106076
9781483152165
9780123972781
9780080949154
9780080530789
9780080476315
9780080543987
9780080962306
9780124115132
9780128003886
9781780631325
9780080558776
9780128005224
9780080491547
9780323140034
9780080489513
9780080546780
9780080477190
9780128028209
9780128033395
9781597499712
9780128034934
9780080473796
9781597499552
9780128168882
9781597496469
9780080571379
9780128121665
9780124047235
9780080473994
9780128009895
9780128047248
9781597496285
9780128023532
9780080489728
9781780633299
9780080537290
9780080481593
9780080548913
9781856179089
9781782420934
9781597495448
9780080469805
9780124169913
9780124095359
9780080941301
9780128009222
9780128112434
9780080957036
9780080543963
9781597495363
9780081000885
9780123852496
9780080963068
9780123815217
9780124200432
9780080554006
9780080912578
9781483193861
9780080962160
9781597497459
9780127999739
9781845699079
9781780632551
9780080501512
9780080545448
9780080507675
9780080521190
9780124105324
9780080512532
9780080554204
9780123846907
9780080514062
9780123822444
9780080555669
9781780632391
9780128001998
9780080476766
9780080488943
9780080480985
9780080546063
9780080477169
9781845696115
9780080554266
9780128092255
9780128009055
9780128099001
9780080553993
9780857098832
9781597495400
9780815519621
9780080525273
9781483182797
9781483297439
9780128017036
9781780632766
9781780632216
9781780632452
9780128027165
9780080491493
9780081007570
9780080479262
9780128051047
9781780634654
9780080463896
9780080460512
9780080556086
9781597496056
9780124078352
9781597496360
9780080569567
9780080476773
9780080942148
9780080520773
9780080468556
9780080498027
9780815519799
9780080493053
9780080457703
9780080509075
9780080938448
9780080500454
9780080553566
9781597495547
9781483294056
9780124114517
9780128052839
9780080919539
9780128004104
9781597499736
9780080560205
9780080962993
9780124201859
9780123858900
9780080502847
9780080949161
9780080558691
9780080961187
9780081011645
9780080497723
9780080516868
9780124016743
9780128025642
9780128018484
9780128009253
9780128009284
9780128006764
9780127999326
9781437728217
9781780630021
9781780630526
9781780632414
9780128009239
9780128026045
9780124095335
9780128009291
9780857098115
9780124171237
9781780632445
9780123914682
9780124095465
9780080523248
9780080489698
9780080510583
9780080488387
9780128001936
9780128041963
9781597499873
9780124115729
9780080879147
9780080558646
9780080558745
9780080560953
9780080459424
9780080558721
9780080476896
9781597494717
9780080491523
9780080949093
9780080943688
9780080556659
9780080488738
9780080488400
9780080549644
9780080481562
9780081007068
9780080555355
9780080553542
9781780632100
9780080492223
9780080508542
9781780632421
9781845698973
9780128014813
9781597495349
9780128010976
9780080476827
9780080492261
9780128006016
9780080516233
9780128099506
9780080559162
9780080569994
9780080548616
9780080558714
9780081017579
9780128009376
9781483295008
9780124186835
9780080558806
9780080571676
9780444599377
9780080922881
9781856179065
9780080558752
9780080554334
9780080458939
9780080519913
9780080516899
9780128151532
9780080541884
9780080525174
9780080931449
9780128045084
9780080938219
9780080956916
9780080481104
9780080492582
9781483299242
9780128045039
9780123972842
9780124201842
9780124046382
9780128110010
9780080491189
9780128019894
9780081019160
9780080479286
9780128010969
9780080878201
9780080560076
9780080546261
9780128040812
9780128003558
9780080539188
9780080489872
9780080982007
9780124116337
9781855738997
9781782421603
9780123813701
9781845691233
9780080949208
9780123851291
9780080504599
9780080555638
9781597494892
9780080983219
9781780632971
9780080458373
9780081012215
9780080478203
9780080556444
9780124116108
9781597499569
9780080498126
9780080546773
9780080492292
9780080524078
9780080481838
9780080481456
9781483295565
9780080531281
9780128026014
9780080472577
9780124116092
9780080515083
9780080478173
9780080479446
9780080558813
9780080543925
9780080463216
9780080491264
9781845698744
9780080549958
9780128029824
9780080488561
9780080530437
9780080488981
9780128027813
9780124078734
9780128093825
9781597495523
9780128052921
9781845698904
9780080961699
9780080519005
9780080914459
9780123822345
9780080480725
9781780630458
9781855736368
9780857096890
9780124200616
9781483189673
9780123978486
9780124051812
9781780632322
9780080558820
9780080477602
9780080504094
9780080504001
9780128017807
9780080478692
9780080554747
9781856178419
9780128006191
9780080478388
9780080543796
9780080492254
9780128112533
9780080469997
9780080495903
9780080481678
9780080556147
9780080455372
9780124172364
9780080489292
9780080942681
9780080557335
9780080476261
9780080963853
9780080505978
9781597499651
9780124169876
9780080960944
9780815520306
9780080551319
9780080555430
9780128039823
9780080550589
9780323140126
9780123847454
9780080539669
9781483290089
9780124046078
9780080555676
9780128112892
9780128096468
9780128002018
9780123965189
9780080949178
9781780634005
9780080479002
9780123820136
9780124105065
9780128028438
9781597495974
9781780632483
9780080468181
9781780632537
9781780632384
9780128009079
9780124076570
9780128009048
9780124165687
9780128017500
9780080478128
9780080475592
9780080476544
9780080480862
9780128023549
9780080488691
9780080478180
9780080555614
9780444599612
9780080476728
9780080555546
9780080547497
9780323140607
9780080475417
9780080477589
9781483292328
9781483286846
9780080472508
9780080556383
9780128006436
9780080942988
9780128117637
9780128004067
9780128018927
9780128043226
9780128044957
9780124159815
9780080470047
9780124199910
9781856179607
9780123859082
9780124104051
9780080952055
9780124171671
9781845697594
9781780633282
9781782424901
9781780631233
9781780631530
9780124172432
9780128096871
9780080479620
9781483296081
9780080481166
9780124169951
9780124165649
9781780634500
9780080462325
9780080488967
9780080472201
9780128046494
9780080471204
9780080489353
9780080477596
9780080465968
9780080546728
9780080489704
9780080489735
9781483299259
9780128036396
9780080553535
9780128018316
9780080550466
9780128054482
9780081001042
9780080488424
9780128006252
9780128020579
9780080486994
9781597495462
9780080570013
9780124200623
9781483292489
9780080922706
9780128138199
9780081005491
9780080476285
9780124116412
9780080957043
9781845691691
9781780631561
9780124172074
9780081001820
9780124104464
9780124047259
9780128009208
9781780631615
9781780632643
9781780631509
9781780633275
9780080479248
9780080558660
9780080884424
9780080481760
9780123855114
9781483292472
9780080570365
9780080471440
9781483294414
9780080554280
9780080548562
9780123884411
9780124116399
9780080556079
9780080492872
9781483294049
9780080528168
9780080528335
9781597496087
9780080476421
9780128042823
9781597495691
9780080560151
9780080549255
9780080480008
9780128029350
9780080479057
9780128025475
9780080457093
9780080491530
9781780634456
9780857098795
9780080476711
9780080502229
9780080544458
9781597499682
9780124059023
9780080480992
9780080499703
9780080491554
9780080503660
9781780634685
9780128045015
9781597496421
9780080465883
9780123877147
9780080497907
9780128017883
9780128036013
9780128045053
9780080512617
9781780632025
9781845699055
9780128009277
9781845690380
9780128017456
9781780634265
9781597496148
9780080961644
9780124116115
9780080492308
9780080553559
9780080476452
9780080519685
9780128009260
9780080549132
9780080480671
9780128009062
9780080523101
9780080878911
9780080500232
9780080575841
9781856178570
9780080477213
9781483297743
9781483295848
9780080921471
9780080555867
9780080475981
9781845698508
9781483292380
9780128005040
9780128006214
9780128041864
9780128020562
9780123965172
9781780632292
9781780632544
9780128154847
9780080569970
9780124200470
9780128033357
9780123914057
9780080516295
9780128014684
9780080569987
9780128129302
9780080560199
9781855736399
9780080957142
9781782420095
9780124079298
9780124017283
9780080461663
9781483292175
9780323139731
9780080491462
9780444635402
9780124169906
9780128023709
9780080489551
9780080480824
9780124079267
9780080555515
9780080534749
9781483296272
9780080460727
9780080500928
9780080885117
9780124165731
9780080488295
9780080488950
9780081003213
9780124114890
9780128028971
9780128017463
9780080877914
9781597499538
9780080949802
9781597496520
9780080560175
9780128095805
9780080949192
9781483102139
9781483161945
9780080515076
9780080551234
9780124166950
9781597497282
9780124171749
9780080964959
9780128092712
9780081005910
9780080509082
9780128026229
9780128051504
9780815519676
9780080494692
9780080545172
9780124166943
9780080479088
9781845691080
9780080558684
9780080475943
9780080558639
9780080520674
9780080545745
9780080478746
9780080550114
9781597495585
9780128027837
9780080475578
9780124115286
9780080500805
9781780632285
9781780631554
9781845699024
9780080468204
9781483296814
9780081008850
9780080521121
9780080476971
9780080509730
9781780633435
9780080476780
9780080465937
9780080558738
9780128009031
9781597499729
9780124114951
9780124165670
9780128029015
9780123859167
9781597495394
9780080489711
9781483100524
9780815517511
9780323139380
9781780632773
9781780631547
9780124172449
9781845698911
9780124167049
9780080522104
9781780632247
9780124172388
9780080479279
9780080546759
9780080488875
9780080516776
9780080477534
9780124159891
9780080476179
9780080480718
9780080478098
9780128051078
9780080548937
9780080556413
9781483294032
9780444600950
9780080561202
9781483296005
9780128041598
9780080923420
9780124171220
9781780634548
9780128053379
9780081012840
9780124171763
9780128046135
9780080549279
9780080958576
9780080949772
9780080954028
9780080570006
9780080506005
9780080495286
9781597499903
9780080558332
9780080557274
9780080473086
9780080479880
9780081012321
9780128009086
9780080571577
9780124072190
9780124202344
9781780634555
9780080511436
9781780632223
9780080555904
9780323139373
9781782420026
9781780633305
9781845692124
9781780631516
9780080515861
9780128009307
9780124116221
9781597497329
9780857099877
9781782420019
9780080530994
9780080943640
9780080455105
9781483296500
9780128051054
9781597497411
9780123869234
9780080525099
9780081022313
9780124059153
9780128027424
9780080949796
9780080465739
9780123854865
9780128016107
9780123854889
9780080556895
9780323140409
9781780632438
9781845696177
9780080511740
9780080532301
9780080509389
9780081005804
9780080488578
9780080489537
9780080539829
9780128114162
9780128014639
9780128044117
9780080501505
9780128148488
9780080554327
9780080476353
9780080455433
9780080518220
9780080961538
9780080556871
9780080953984
9781483297682
9780123849182
9780123868893
9780080532288
9780128114025
9780123877895
9780124166332
9780128007150
9781597499767
9780123979308
9780128134986
9781597499774
9780080887296
9780080501451
9780080508269
9780080554105
9780128051115
9780124169920
9781597495899
9780081011652
9781483299297
9780080492537
9780080921945
9780080491882
9780080508504
9780128027899
9780124200593
9780080509662
9780128045428
9780080530185
9780323138253
9780080958590
9780081007600
9780080478500
9780128051009
9780080943862
9780080956909
9780080489650
9780128009246
9780080509723
9781483291192
9780080938547
9781780632360
9780124165748
9780080495217
9780123878472
9780128020883
9781437735284
9780080564876
9780080949390
9780080511528
9780080959108
9780080877846
9780080556130
9780123947857
9781597497268
9781483190075
9780080498010
9780080503691
9780080523378
9781483160870
9780080570112
9780080551845
9780080556635
9781597495813
9780080503226
9781483299181
9780323138970
9780128038383
9780128001523
9780323139724
9781597499750
9781597495752
9781780631271
9780080488653
9781780632209
9781597499545
9781597495486
9780080470641
9780128047460
9780080469836
9781597497343
9780080480763
9780128027547
9780080460697
9780124104877
9780128027431
9781597494731
9780080476360
9780080508221
9780128041871
9780123979032
9780123914859
9780123972583
9780080503455
9780080488462
9781597494946
9780123918673
9780080461847
9780128036822
9780128009093
9780128004890
9780080879352
9780128016510
9780080877938
9780080943152
9781856179799
9781483295831
9780123852403
9781597495738
9780123751119
9780080491325
9781856178976
9780080456195
9781597499842
9780080533278
9780080545110
9780080461199
9780080481340
9780124169883
9780080558769
9780080478111
9780080556642
9780080507743
9780128018651
9780857097019
9781780631950
9780323138680
9781597495677
9780128005026
9780124172401
9780080558677
9781597495912
9780080465036
9780128027905
9780128042342
9781780632056
9780081006559
9780080965932
9780124200609
9780080505961
9780080488714
9781597495950
9781597496605
9781780632353
9780080489766
9781597495837
9780080879123
9780080963716
9780080920955
9780080464626
9780080912806
9780128026182
9780080470016
9780128109847
9780080476056
9780080554617
9780128027530
9781483295299
9780080481005
9781483299006
9780128027523
9781483293523
9780080516813
9780080463223
9781597496384
9780080553290
9780080508283
9780080492070
9780815518594
9780080560182
9780128034231
9780123756961
9781597496629
9780128024539
9780080553511
9780080478661
9780128045107
9780080524238
9780323138260
9781780632728
9781780633329
9781483148267
9781780632520
9781780631578
9781780632506
9781855738522
9780124169968
9780128054734
9780124166592
9780080459363
9780080545462
9780124169890
9781597499644
9780124055216
9780080460192
9780815519225
9780128051122
9780080546766
9780080500171
9780080570372
9780128044872
9780128150337
9780080544465
9780080478555
9780080554754
9780080491035
9780080546247
9780080879307
9780128019122
9780080553726
9780128020586
9780080490618
9780128036730
9780128025598
9780128004784
9780128043851
9780080496245
9780128005064
9781597496483
9780124079281
9780080488905
9780080500546
9780128008126
9780080964102
9780128004357
9780080886022
9781597496124
9780080941417
9780080468877
9780080949246
9780323138659
9780444599315
9781780634258
9780128005460
9780124078826
9781780633800
9780124078833
9780080494708
9780081002766
9781597496667
9780124172371
9780080545431
9780080879680
9780080551883
9781483295817
9781597495875
9780128095102
9780123819734
9780080505893
9781597494830
9780128038888
9780124200906
9780128023792
9780080529813
9780127999760
9781597496162
9780128029176
9780080545738
9780080506531
9780080489667
9780124157552
9780080505985
9780128093658
9780815519645
9780123946126
9780124159686
9780080949529
9780323138994
9780857094766
9781780632308
9780080520957
9780128009215
9781780633213
9780080949185
9781483189994
9780080469898
9780124104426
9780124158764
9780128027790
9780080489032
9780081006542
9780128038758
9780080489483
9780080476445
9780080559186
9780128019382
9780128033524
9780128005248
9780128052846
9780080484266
9780128020890
9780128094891
9780080959214
9780080953847
9780080553634
9780124199811
9780080949536
9780080949833
9780080539041
9781597495790
9780080889696
9780080560823
9780080965956
9780080546216
9781780634630
9780080558394
9781483100517
9780080481111
9780124166394
9780128034507
9781908818157
9781780632469
9781780633312
9781780632476
9780857097842
9780080481685
9781597495424
9780080480831
9781483294346
9780080529608
9780080546742
9780080479194
9780080455723
9780080488486
9780080479309
9780080498133
9780124046054
9781597496247
9780128019733
9780123919298
9780080477671
9780128017043
9780128051092
9780080478050
9780128019375
9780080460444
9780080965918
9780080488394
9781597494939
9780128051108
9781597495936
9780080888057
9780124165632
9780124165656
9780128010402
9781437778342
9780080522012
9780080535647
9780124172425
9780124172418
9780124046184
9780080493138
9780080480817
9781597494984
9780080534671
9780080529615
9780080472195
9780080888118
9780128117965
9780080527741
9780123838544
