9780081002674
9781780630014
9781780630168
9781483294544
9781483296166
9781483285801
9781780632872
9780124115354
9780128007181
9780128053362
9780081006719
9780081010051
9780080540610
9780128117514
9780080503417
9780128002001
9780080454887
9780080547749
9780080887302
9780080467764
9780080570655
9780080515397
9781780634722
9780080474625
9780080457239
9780124116269
9781483156989
9780080878867
9781483285474
9781483291574
9780128017852
9781483296241
9781780633954
9781780631639
9780124104402
9781483188287
9781780633190
9781908818027
9781780630830
9781780633626
9780124059290
9780128031223
9780080869636
9781780632841
9780080954301
9781483286648
9781483294650
9780123947826
9780124159105
9780128000557
9780080533667
9780080558349
9780081013014
9780080537160
9780123979292
9780080454863
9780080539812
9780080558783
9780128028988
9780128143865
9780124172395
9780080954363
9781780633039
9781780632988
9781780633589
9781780633831
9781780634326
9780081012796
9780081001332
9781780634463
9780128013519
9781597494885
9781483192291
9781780632018
9781780631202
9780080524849
9780127999210
9780124095281
9780128119495
9781780634609
9780857099204
9781780632582
9780080459202
9780080492353
9780080555881
9781483285702
9781483299051
9781780631080
9780128113776
9780124059214
9780128132975
9781780634661
9780081001899
9780127999227
9780123821751
9780124158689
9781780630311
9781483219936
9780080553894
9781780632681
9781780632865
9781780633251
9781483288185
9781483276236
9781780632148
9781483156934
9781483161716
9781780634111
9780080867373
9780128026021
9780128014882
9780124201804
9780080962986
9780080545455
9780080456805
9780123822017
9780128030011
9780080462813
9780080460581
9780080454856
9780080454191
9781483291024
9780128043875
9780080867212
9780080549323
9781483295664
9780080468532
9780080911953
9780080911946
9780080911960
9780081017586
9780080857916
9781780634647
9781483299303
9781483285450
9780444597649
9781483296319
9781483299365
9780080448947
9780128130117
9780080921488
9780123878236
9780080569529
9780123850584
9780124115835
9780080466644
9780080540603
9780080930879
9780128018811
9780123820297
9780081006092
9780081019627
9780080954325
9780080559292
9780080557144
9781780634524
9780444641304
9780124165663
9780081002438
9780080569178
9780123852151
9780080866819
9781483106106
9781483292960
9780128098288
9781780633138
9780081000458
9780081019900
9780081001288
9780128047927
9780080932187
9781483286013
9780080534329
9780128003886
9781780633770
9781780631325
9781780630540
9780081010150
9780080924168
9780080867243
9780080524740
9780128111567
9780081002377
9780081001783
9781780634166
9780081023150
9780081019245
9780815516453
9780080571102
9780081004869
9781483285757
9780128028209
9780128104262
9780081020265
9780080456034
9780128142431
9780080527550
9780080878188
9780123864659
9780081012383
9780128120668
9780080571379
9781483192437
9780128045862
9780080984704
9780128036679
9780128121665
9780080491301
9781483290829
9780080561981
9780123851956
9780080568744
9780080478678
9780123815057
9780857094612
9781845695712
9780128123300
9780080511986
9780080467078
9780128021095
9780128152959
9780080532783
9780080545165
9780080515274
9781780631219
9781780631936
9780080880983
9780124169913
9780124095359
9780124079304
9781780631035
9781780631943
9780080941301
9781780633428
9781780633558
9781483292861
9780080475806
9780080961828
9780081000885
9781483188225
9781780633961
9780128013588
9780080546148
9780080536217
9780123852496
9780128007860
9780080921297
9780124051867
9780124200432
9780080554006
9781483296364
9780080468549
9780080545202
9781780630106
9780080919584
9781483297330
9781483285467
9781780630328
9780080961767
9781780634418
9780124051850
9780127999739
9781780631448
9781780630557
9781780630250
9781780633817
9781483297064
9781780633619
9780128146118
9781780631455
9781780632896
9781780634173
9781780631837
9780080507675
9781780631127
9781780634227
9780128006726
9780444535368
9780123847041
9780080521206
9780128148983
9780080930312
9780080865867
9781483288161
9780080548494
9781483150154
9780081007785
9780128043592
9780081020463
9780080553764
9780080868417
9780080865911
9780127999258
9780080537894
9780128092255
9780128036709
9780128009055
9780080553993
9780081006771
9780081020364
9780128115077
9781597495400
9780128037942
9780081001790
9780444632982
9780815519621
9780080538259
9780081007280
9781483182797
9780128144169
9780080868387
9780080544137
9781483220567
9780080984766
9780080865850
9781483292557
9780444600875
9780080547220
9780128017036
9780128002315
9780080488998
9781780630045
9781780632612
9781780632759
9780857094452
9781780630502
9781483157160
9781780634012
9781780631677
9781780630915
9781483164823
9780124202160
9781780631905
9781780632490
9781780630694
9780123814395
9780123977809
9780128010938
9780081004005
9780080474632
9780081004012
9780080479262
9780080460086
9780128019078
9780080488813
9780128051047
9780080502823
9780080553276
9780124078352
9780080470931
9780815519799
9780080502083
9780080538013
9780124200272
9780123868855
9780080518985
9781483288727
9780080954318
9780081005590
9780128052839
9780080919539
9780128126431
9780081011201
9780123820075
9780123865441
9780128037133
9780124046467
9780123864611
9781483288154
9781483296753
9780128034422
9781483294360
9780080529295
9781483189802
9780123852441
9781780632926
9780080923024
9780128009253
9780128009284
9781780632636
9781483291291
9781780634401
9780128023778
9780127999326
9781780630021
9781780630526
9781780632032
9780128009239
9780128026045
9781780631721
9780128009291
9781780631141
9780128006238
9781483191508
9781780631998
9781483257129
9781483100135
9780081002360
9781845698201
9780124200494
9781483287102
9780080454221
9780123914682
9781780631363
9781780631011
9780080478210
9780124095465
9780080456669
9780128001936
9780080865829
9780128162170
9781597499873
9780124115729
9781483295138
9780081000878
9780128005699
9780080570761
9780080488820
9780080865843
9780128007112
9781908818089
9780080533582
9780080516196
9781483299266
9780080554228
9781483293066
9780123848758
9780080536644
9780128023631
9780080544472
9780080488400
9781483295435
9781780630427
9781780632605
9781780632100
9781780630281
9781483297712
9781780632421
9781780630731
9781780631134
9781780630212
9780128028131
9780124159655
9780080492261
9780128006016
9780323296410
9780128155332
9780080497549
9780123918857
9781780631240
9780128128091
9780128093238
9780128009376
9781780630656
9781780630205
9781780630243
9781780630342
9781780631622
9781483296265
9781483292991
9780815516699
9781483296333
9780815516767
9780815516729
9780123910653
9780124059016
9780080465906
9780080571676
9781483287584
9780080480404
9780128001929
9780124202405
9780080558752
9781483295398
9780080530383
9781483287928
9780080519913
9780080516899
9780128053331
9780080567679
9780128151532
9780128113004
9780128093405
9780080548050
9780124080539
9780128027400
9780080559766
9780128045084
9780080956916
9780081009499
9780080531472
9780081001776
9780128051153
9780080541785
9781483299242
9780128050965
9780128054444
9780081005699
9780081012642
9780080480558
9780081020166
9780128019894
9780123785732
9780081017913
9780080466439
9780080545943
9780444640055
9780080550343
9781483152738
9780080546261
9780128003558
9780080539188
9780128014349
9781483289588
9780124159761
9780080537948
9780080469096
9780124116337
9780128040973
9780080509228
9780080964997
9781782421603
9781780632735
9781780633107
9781483104874
9780080472300
9780080545424
9781483294582
9781780631851
9780124104198
9781483289182
9780080530482
9781780632810
9781483295374
9781597494892
9781483147390
9780080504766
9780080867236
9781483286259
9780123821669
9781780631400
9781780633008
9780080535371
9781780632971
9781780630588
9781780631332
9781780633015
9781780633664
9781780630380
9781780631028
9781780634043
9780080549668
9781780630687
9781780630007
9781780633046
9781780630182
9780081001349
9780123815231
9780124046078
9781483147994
9780124116108
9780080535319
9780080865928
9780128043684
9780080472577
9780080545523
9781483286488
9781483293271
9780080459776
9781780634203
9781483295053
9781483292854
9781780634395
9780081001837
9781483163659
9780081002353
9780080549958
9780081027783
9780128165997
9781483285924
9780081017616
9780081002797
9781780634302
9780128026717
9780128120972
9780128027813
9780124078734
9780080958101
9780123884404
9780080470610
9780128125380
9780123869500
9780080472898
9780080961699
9780128095461
9780815516736
9780124059191
9780080454429
9780080505688
9781483295824
9780080547848
9780123820013
9780815516750
9780123822345
9780080480725
9780123849793
9781780634241
9780080455709
9781780630793
9780124200616
9781780631042
9781780633268
9781780630854
9781483148311
9781780630762
9780080558820
9781483299082
9780080536767
9780080554747
9781483295206
9780080867304
9781483286600
9781483297187
9780081029299
9780123984890
9780128111925
9780080965031
9780080495903
9781483290546
9780080481678
9780124172364
9780080492117
9780128006658
9780080531229
9780080460123
9780081018675
9780081000892
9780815519027
9780080575865
9780081002407
9780081001318
9780080513737
9780081022542
9781780634289
9780080555676
9780080539362
9780123869531
9780128128466
9781483257914
9780080918570
9781483297057
9780080526928
9780124201057
9780124059184
9780128002018
9780080477466
9780080949178
9780080554235
9781780633121
9781780634098
9781780633909
9781780634074
9781780631820
9781780632131
9781780632001
9780128092811
9780128035436
9781483294315
9781597495974
9780123819567
9781780632698
9781780633237
9780080467085
9780123849458
9780080468181
9781780630403
9781780631912
9780080459721
9781780634067
9781780633985
9780444634672
9780124165687
9780128028773
9780128147993
9780080533087
9780080534213
9780080560786
9780080528717
9781483297200
9780444635730
9780080923147
9781483297071
9781483298276
9780081020043
9780128035566
9780128095089
9780081022733
9780080455617
9780123855053
9780128006207
9780128096987
9780081018736
9780080475417
9780123884145
9780080477589
9781483285733
9781483297033
9780080478760
9780080472508
9780080925806
9780128006436
9781780630090
9781483297767
9780080875170
9781483297385
9780080867120
9780128117637
9780123820259
9780128019719
9780128043226
9780128044957
9780124159815
9780080470047
9780080476926
9781856179607
9780123859082
9780124104051
9780080952055
9780080961651
9780080507088
9781780634050
9781780634364
9780857094490
9781780633787
9781780631417
9781780634333
9781780633596
9781780631424
9781780632957
9781780633343
9781780630298
9781780630939
9781855736306
9781845699383
9781780631110
9781483152882
9781780632858
9781780630908
9781780631349
9781780630816
9781483154688
9781780631530
9780124169951
9781780634449
9780081006955
9780128046494
9780080477596
9781483297019
9781483286327
9781483285894
9780080535364
9781483298504
9781845695224
9780128036396
9781780634753
9781483296357
9780128043233
9780081002544
9780128094259
9780081005606
9780081008980
9780081005682
9781780634319
9780128132630
9780128006252
9780081027479
9780128020579
9780081005798
9781780633572
9780081005620
9780080889702
9781597495462
9780124200623
9781483190341
9781483291031
9781483294902
9780128112298
9780128138199
9781483189451
9780080569352
9781483285535
9781483285740
9780080525631
9780128006269
9781845691509
9781845691691
9781780633695
9781780631264
9780128011508
9781780631004
9780128027394
9780124172074
9781780634159
9781780630564
9780124047259
9780128009208
9781780632797
9781780631615
9781780632643
9781780632650
9781780631509
9780128026335
9781780631288
9780080545516
9781483297309
9780080865959
9780080545240
9780444535351
9780080543628
9780080554280
9781483292892
9781483296616
9780080469584
9780123850201
9780081000656
9781483299068
9780124080584
9780128134627
9780128019658
9780080510170
9780080535555
9780128045459
9780080528168
9780080865874
9780080529202
9780081002179
9780080457192
9780080569956
9780080867625
9780080455235
9780080533179
9780080480008
9780124160330
9780080515410
9780128029350
9780080867069
9780080961927
9781780634456
9781483293011
9780080920825
9780128149256
9780080459356
9780080533452
9780080865812
9781483285795
9780080478296
9780081019221
9780081017623
9781597499682
9780080467900
9781483292168
9780080865973
9781483296487
9781780634685
9780080536200
9781483286556
9780080465883
9780124079205
9781845698980
9780080497907
9781780633060
9781780631059
9781780630601
9781483274836
9781780632025
9781483297576
9781780630397
9781780631929
9780128009277
9781780632094
9780080492513
9781780631394
9781780630632
9781780631103
9781483296258
9780080541747
9780080961644
9781780632162
9781780633824
9781780631356
9781780630809
9780080549620
9780080867311
9780124169692
9781780630946
9780128009260
9781782420231
9781780630151
9780080554068
9780444535931
9780080932446
9781483297538
9781483186818
9781483295848
9781780630359
9781780631752
9780080921471
9780080525334
9780080555867
9780080538266
9781780633497
9781483292380
9780128005040
9780128006214
9780080499505
9781483154268
9780123725226
9781780630175
9780815516743
9780128020562
9780080554150
9781780631073
9780123914507
9780080553597
9780080461120
9781780631967
9781780633176
9780080532936
9781780634128
9780080557779
9780080920092
9780080918204
9780128129616
9780128129579
9781483141541
9781483163529
9780080929651
9780081006801
9781780630113
9780080954127
9780080949680
9780123739858
9780080544144
9781483292175
9780080480893
9780080491462
9781780633565
9781780632803
9780124169906
9780123982650
9780128093252
9781483294391
9780123851024
9780815519300
9780124079267
9780081020289
9780080459998
9781483288840
9780080885117
9780124165731
9780081022719
9780080467436
9780080500829
9780081001295
9781782424031
9780080518688
9780081001745
9780080472782
9780080559285
9780128119327
9780128119464
9780081005613
9780080554242
9781597499538
9780081009000
9780080458021
9780081002582
9781483267302
9780128095805
9780080949192
9781483294438
9781483287126
9781483161945
9780124202146
9780080964959
9780123815071
9781483294919
9781483295626
9781483142180
9780128026229
9780124172203
9780128112236
9781780634388
9780128006245
9781780633114
9780081005262
9780128023723
9780123819871
9780128021101
9780080888323
9780080532882
9780123984937
9780080865942
9780080870755
9780080545745
9780080478746
9780080525624
9780080925653
9781483297293
9780123946072
9780080488783
9781597495585
9780080457611
9780128027837
9780081005484
9780128124833
9780128046173
9780081012307
9781780630465
9781780633855
9781483288222
9781483192314
9781780631226
9781780631981
9781780630878
9781780630786
9781845698324
9781780630885
9780080468204
9780080522692
9781780634296
9781483298283
9780128028865
9780080965017
9780080530314
9781483297163
9781780630434
9781780633169
9781780633435
9780080465937
9780123751430
9780080889306
9780128052082
9780124046016
9780128029015
9780080877822
9780323139762
9780080523408
9781483286471
9780080527635
9781780631646
9781780633053
9781780633503
9781780634081
9781780632599
9781780630700
9781780631097
9781483190464
9780124172449
9780080550824
9780128008188
9780080549842
9780124172388
9780080488899
9780080546193
9780815516828
9780444538222
9780128051078
9780080462134
9781483299075
9780080548937
9780080533803
9780080525846
9780444600950
9781483288413
9780080481517
9780124199569
9780080983974
9781780634548
9780081020241
9780128053379
9780128027387
9781780634692
9780124172029
9780444538437
9780080954028
9780128150399
9780081010037
9780444634047
9781483287942
9780080465517
9781483294575
9781483286495
9780081022504
9781483148281
9781483162003
9780080571577
9780123964717
9780124059092
9781483292922
9780080866611
9781483294865
9781483292724
9781483291307
9780124072190
9781780631608
9781780631196
9781780631295
9781780634142
9781483288871
9781780632674
9780081003954
9781780633077
9781780633534
9781780632902
9781780634357
9781780632964
9781780633091
9781780632049
9781845692124
9781780631516
9780128037089
9780128009307
9781780634715
9781597497329
9780857099877
9781780630779
9780080530994
9781780630519
9781780633978
9780080474236
9780080943640
9781780634470
9781483297750
9780080471075
9780128093504
9781780632070
9781780630489
9781780630335
9781780630199
9781780630038
9781780630496
9781483294728
9781483295558
9780080867441
9780815516712
9781483295473
9780080449104
9780124104396
9780080525099
9780081022313
9780080959009
9780080949796
9780080465739
9780123854865
9780128030653
9781780632193
9781780632575
9781780631783
9781780633886
9780128036143
9781483299501
9780128018606
9780081006726
9781780633848
9780128132418
9780128025666
9780080924762
9780128124765
9780080509389
9780080462578
9780081019351
9780081012956
9780080559308
9780080489537
9780080500096
9780080549712
9780128155356
9780080548210
9780128114162
9780080865904
9780128014639
9780080970875
9780080959696
9780123819857
9780124079427
9780128498774
9781483293127
9781483295169
9781483161327
9780123814906
9780081012314
9780080569024
9780081009017
9780123860309
9780124105485
9780080474595
9781483297279
9781483299310
9780080865782
9780080865935
9780128123263
9780128140550
9780124172906
9780128114025
9780128165102
9780080492131
9780080920719
9781483285344
9780080479415
9780080544199
9780124200289
9780128114766
9780080877754
9780444535047
9780080489797
9781483288499
9781597499767
9780080535395
9780080867335
9780080564913
9780080535791
9780080460178
9780124058545
9780080536224
9781780630595
9781780634197
9780080554105
9780080920528
9780123814784
9780080457031
9780128019085
9780128051115
9780124169920
9781483299297
9780081007679
9780080465678
9780080508504
9780080460802
9780128027899
9780080539256
9781780630137
9780080519142
9781780630274
9781483299136
9780080455457
9780124200593
9780128045428
9780080965314
9780128051009
9780080943862
9780080956909
9781845699031
9781780631776
9781780633749
9781845696559
9781780632339
9781780630373
9780128009246
9780080870960
9780080938547
9781780632360
9780124165748
9781483297606
9781483258171
9781483296388
9781483189925
9780080544168
9780123878472
9780080495217
9780815520467
9780080542577
9780081000618
9781483296395
9780080533032
9780128124307
9780080913858
9780081018958
9780080518978
9780081002155
9780128170274
9780124079250
9780080877846
9781780633244
9780080531151
9780081006313
9780128020944
9780128112427
9780123947857
9780128026175
9781483141510
9780444639264
9780123849380
9780080560083
9781483152813
9781483160870
9780444639257
9780128006221
9780080550794
9780128013502
9781845690816
9781483299181
9780080961750
9780080877853
9780123822420
9780080865836
9781483298726
9781483294896
9780123851901
9780128038383
9781483290164
9781780630267
9780080562032
9780080567631
9780080920030
9781483286266
9780080475011
9780128025239
9781780632087
9780128001523
9781780632711
9781780632827
9781780633473
9781780632155
9780128009918
9781780632704
9781780630229
9781780632889
9781780630892
9781845695071
9781780630649
9781780631271
9781780631318
9781780631387
9781780630724
9781483298719
9780080468075
9780080458991
9781483295213
9780128041741
9780080460697
9780123739322
9780128126486
9781483295220
9780080492452
9780080491127
9780128017203
9780080466491
9780128007143
9780444537607
9780080858531
9780123914859
9780128031506
9780081022795
9780128052853
9780080867458
9780080542140
9781597494946
9780128024348
9780128036822
9781845695002
9781780634340
9780128005217
9780128004890
9780080867014
9780081010044
9780081020326
9780323138512
9780128018798
9781483296173
9780080557915
9780080533919
9780080570907
9781483296098
9781597499842
9780080533278
9780080924199
9781780633398
9780128096093
9780080879246
9780080559780
9780080866697
9780080543864
9780124169883
9780080553320
9780080865799
9780080515601
9780080888071
9780080560014
9780080571805
9781780632629
9781780630410
9780857090195
9781780631257
9781780631950
9781780631158
9781780630571
9781780632179
9781780630953
9781780630304
9781780631868
9781597495677
9780080491424
9781780633206
9780124172401
9780081003756
9780128152867
9780080540818
9780080542669
9780128144480
9781780632056
9780081006504
9780081002599
9780128011287
9781780630748
9780080530130
9780081002223
9781780632780
9781780630236
9781780631738
9780080469324
9780080502632
9780080471969
9780080920016
9780123815095
9780080505619
9780128004081
9780080464626
9780128122167
9780128026182
9780080470016
9780080919317
9780080460963
9781483141046
9781483297453
9781483295299
9781483297996
9781483295725
9780128024904
9780128118191
9780080542034
9780080870229
9780080929828
9780444535986
9780081002469
9780124159433
9780128047934
9781780630052
9781780630441
9781483297644
9781483285771
9780080470665
9780080471716
9780128034231
9780128027684
9780123757296
9780123865304
9780080553511
9780080478661
9780128045107
9780080474373
9781780631653
9781780632940
9781780632728
9781780632995
9781780631431
9781780633718
9781780630847
9781780630977
9781780631479
9780128026267
9780128005453
9781855738751
9780080533568
9780128025505
9780123869586
9781780631899
9780124046931
9781780630618
9780080459363
9780080545462
9780124169890
9780123972606
9780080545141
9780080478265
9780815518976
9781483293295
9780080543680
9780080559773
9780080575339
9780128044872
9780080550985
9780081010068
9780080885803
9780080964430
9781483288963
9780128025017
9780128025024
9780081006337
9780081002162
9780128095775
9780128020586
9780081010488
9780128132913
9780128036730
9780128095096
9780080569185
9780081005774
9780128043851
9780124079281
9780080488905
9780080545417
9780444538413
9780128004357
9780080886022
9781597496124
9780080916750
9781483292908
9780128006733
9780080941417
9780080865898
9780080572994
9780080968124
9781483299228
9781483285689
9781780633893
9780080476155
9780857095534
9780080875118
9781780634029
9781780633183
9781780634258
9781780633084
9781780633688
9781780630991
9780128010044
9781780632919
9781780633732
9781780633800
9780128011560
9781780633152
9781780633671
9781780630823
9780124058620
9780080494708
9781780634104
9780080969220
9781483293141
9780124172371
9780080480275
9780080543857
9781780633374
9780080879680
9780444537775
9780080499277
9780080551883
9780080490670
9780128026649
9780080924359
9781483290096
9781483294308
9781483296425
9780080534381
9780128095102
9780080869841
9781483299389
9780124058736
9780080555386
9781780631370
9780080478685
9780124159686
9780080949529
9781780630922
9781780632667
9780128052792
9781780632933
9781780633480
9781780630755
9781780631066
9781780632308
9781780633923
9781483297545
9781780631301
9781780634623
9781780633213
9780080949185
9780815518044
9780128029251
9780128035344
9780080553092
9780444537157
9780080533025
9781483293585
9780124059122
9780080518206
9781483190457
9780128019382
9780123757081
9780080495101
9780080539447
9780128005248
9780081012970
9780081024751
9781483188034
9780080867489
9780080541525
9780080526867
9780081002773
9780128113264
9780081002117
9780080959214
9780081012987
9780080865805
9780081012864
9780123948335
9780080465685
9780080560823
9780128125991
9780128095485
9781780634630
9781483295282
9781483287638
9781483297668
9780080571485
9781780633992
9781483287096
9780080470146
9780124157675
9780815516774
9780128039021
9781780633862
9781780630533
9781780633527
9780128013625
9781780630144
9781780633312
9781483288086
9781780632476
9780128015810
9781780630861
9781780630625
9781780630960
9780080984155
9780123946188
9780080875040
9780128096918
9780080569772
9780128038789
9780128110096
9780080551371
9780128034477
9780080528083
9780080477886
9780128094242
9780080488615
9780080866932
9780123821706
9780128019733
9780080554259
9780080466415
9780128017043
9780081012963
9780124046443
9780128041925
9781483288734
9780128019375
9780128046739
9780080460444
9780080490847
9781597494939
9781780634586
9780081018781
9780080560403
9780124115385
9780081001882
9780124172418
9780081005422
9780128038888
9781483299280
9780080525907
9780128012703
9780128136188
9780080553047
9780128154557
9780080570549
9780081027554
9781483295923
9781483277127
9781483159027
9780080545738
9780444627179
9780080533131
9781483100500
9780124047075
9780815519645
9780080495019
9780080556260
9781483292694
9781780630120
9781780630069
9780080951836
9780080954134
9781597494830
9780080480817
9781597494984
9780128126271
9780080516004
9780080472195
9780128027028
9781483190686
9780080558110
9780080961729
9781483294407
9781483288512
