9780080544663
9780080920504
9780080875088
9780444599100
9780080879901
9780444597052
9780080458205
9780080498775
9780128154465
9780081022740
9780128132548
9780080932378
9780080474731
9780080578866
9780080471860
9780080583983
9781483290003
9780080580289
9780080578743
9780080578835
9780080580265
9781483289885
9780080584027
9780128143490
9780080556314
9781483216492
9781483274690
9781483274713
9781483278667
9781483278551
9781483151304
9781483285108
9781483164632
9780323154086
9780323152341
9781483189772
9781483138060
9781483141145
9780323147941
9781483284507
9781483139616
9781483221090
9781483160771
9781483138855
9780857098733
9780080966311
9780444595027
9780080527161
9780857096524
9780444597458
9780080887425
9780080887609
9780444599483
9780444597045
9780123977700
9780080868233
9780080568775
9780124105096
9780080571249
9780080860794
9780080544649
9780080868400
9780444597328
9780080555768
9780080576428
9780080467405
9780323143738
9780080887319
9781483281469
9781483220666
9781483280363
9780323152938
9780080463018
9780080576473
9780323141062
9781483146669
9780323140300
9780323156998
9780444594181
9781483280271
9781483280820
9781483188140
9780123965127
9780080858470
9780123860149
9780124078529
9780080914480
9781483104072
9780080472928
9780124045965
9780128124277
9780080515298
9780080512426
9781483191386
9781483280844
9780123855190
9780080929668
9781483104133
9780080865577
9780080865515
9780080866444
9780080922928
9780080866437
9780080457123
9780080530741
9780080456171
9780080540252
9780323137942
9780080541822
9780080461021
9780128017951
9780080454405
9780080578965
9780080865447
9780080865553
9780080858111
9781483293462
9780080540306
9780080549606
9780080865676
9780444626240
9780128035023
9780124079076
9780080458212
9780080865669
9780080576558
9780080576299
9780080576176
9780128025635
9780444594716
9780081000519
9780444635372
9780323140676
9781483281452
9780128001516
9780080538303
9780080538167
9780080858579
9780080526027
9780124199606
9780080467894
9780444535597
9780080875507
9780080466545
9780444596260
9780123977564
9780080544557
9780081023112
9780444639356
9780123965110
9780128017265
9780080458151
9781483290980
9780080458571
9781483289281
9780080865362
9780080868028
9780080531410
9780080865478
9780080526621
9780080566252
9780080582443
9780080578873
9780080566177
9780080524085
9780080489063
9780323290609
9780080566207
9780080581507
9780080963082
9780080583778
9780080546315
9780080582429
9781483277400
9780128104446
9780128127346
9780080458489
9780323413916
9780444595812
9780080479729
9781483259260
9780323161459
9781483188096
9780080554853
9780080552705
9780080529646
9780323161244
9781483259635
9780323143448
9780080868356
9780128021125
9780080543536
9780444538819
9781483150789
9781483152363
9780128006689
9780080539591
9780080455860
9780323137904
9780080509129
9780444640635
9780444641229
9780080983431
9780444626677
9780080886985
9780080458120
9780123812933
9780323158657
9781483279893
9781483215921
9780323157346
9780323155366
9780080576497
9780323155335
9781483280493
9780323144667
9781483264691
9781483284545
9781483214696
9781483220413
9781483157900
9781483155715
9781483146041
9781483158990
9781483140605
9780128023389
9781483160979
9781483104027
9780080858050
9780128003992
9780080490359
9780124202092
9780124171510
9780080923925
9780080531786
9780128120705
9780080539881
9780444626097
9780123984586
9780124081130
9780080473581
9780080538143
9780444634481
9780080552637
9780128050767
9780444538734
9780123868794
9780080465944
9780123850140
9780080461977
9780080525808
9780444543028
9780080532677
9780080557625
9780080536507
9781483287829
9781483285597
9781483286563
9780080552712
9780128121801
9780080497525
9780080498805
9780080527499
9780080562940
9780080563107
9780080865430
9780080455242
9780080580418
9780080581491
9780080578729
9780080581521
9780080868110
9780080550800
9780123973016
9780080469294
9780080868042
9780323155489
9780444538376
9780123813749
9780080858289
9780323141475
9781483279107
9781483257105
9781483284538
9781483284675
9781483284699
9780323146890
9781483281346
9781483138077
9781483152097
9781483150895
9781483150857
9781483144559
9781483150543
9781483183602
9780323149020
9780323146494
9780080583877
9780080865485
9781483292762
9780080865645
9780080861173
9781483293691
9781483292243
9780080576190
9780080580326
9780080578781
9780080580357
9780080582399
9780080584089
9781483287836
9780444600066
9781483285849
9780080932897
9780080525341
9781483292090
9780128005903
9780080916637
9781483293783
9780080556222
9780080529745
9780815518136
9780128112212
9780080551975
9780444637420
9780080984414
9781483293325
9780080481203
9780128038734
9780128498828
9780128029077
9780444597984
9780128007198
9781845693022
9780124115279
9780128155134
9780080581484
9780080545158
9780080553177
9780080535234
9780080509501
9780080536842
9780080530543
9780080571508
9780080568720
9781483267753
9780080921808
9781483287348
9781483286167
9780080566214
9780080576107
9780128017104
9780444633927
9780128160626
9780444593917
9780080555898
9780128121788
9780128136096
9780128138359
9780128112939
9780080531854
9780080541778
9780080866253
9780080548258
9780080984803
9780080456140
9780080576169
9780080554099
9780080505824
9780080580180
9780080858609
9780444594433
9781483263724
9780323140898
9781483274959
9780080865690
9780444632647
9780123851116
9781483265667
9780323142205
9780080580319
9780323159418
9780080576008
9780080467924
9780128136119
9780128154243
9780080858623
9781483140933
9781483104010
9781483160887
9781483165646
9781483151397
9780323161954
9780080544076
9780323157735
9780128134283
9780323159159
9780080539898
9780128096147
9780444594426
9781483290027
9780080875521
9780323352888
9781483162850
9781483279077
9781483163833
9780128138014
9780323144728
9780080865713
9780128154250
9781782424918
9780080554518
9781483153223
9780128010822
9780081024485
9780080538822
9780323144438
9781483278742
9780323157964
9780081026625
9780323158787
9781483155555
9781483213705
9780323137881
9781483140063
9781483216409
9780128023570
9780080918792
9780128092552
9780128141663
9781483291420
9780128008324
9780080457451
9781483160658
9780815516804
9781483293776
9780080576268
9780444634962
9780080865751
9780080493565
9780080534169
9780080584140
9781483288857
9780080556307
9780080858210
9780080557618
9780080858654
9780080493879
9780080968087
9780080490267
9781483292793
9781483157696
9780080535845
9781483157320
9781483190518
9780080923895
9780080583785
9781483192666
9780080583969
9780444601308
9780080582580
9780323155328
9780323157544
9780323154000
9780080565576
9781483263731
9780323161930
9780323147699
9781483286433
9781483279121
9780323152082
9780080887227
9780128053638
9781782420538
9780080562995
9781855736573
9780080927022
9780323158718
9780080536675
9780323152860
9780080507910
9780080912431
9780080525563
9780080528519
9780128003985
9780444633958
9781483165264
9781483150888
9780323148931
9780128048375
9780080470788
9780128011812
9780124165977
9780444638694
9781483290744
9780080578644
9780080858586
9780123984678
9781483284484
9780080865683
9780323159616
9780080865638
9781483192468
9781483100968
9780080912486
9780080576077
9780444637925
9780080545202
9780080887487
9780080887715
9780444599476
9780080887371
9781483291338
9780128050781
9780080576053
9780080858487
9780444600264
9780444596635
9780080493619
9780323158589
9780323157476
9781483281551
9780323141376
9780323157483
9780080493596
9781483104041
9781483151281
9780080858135
9780080868035
9781483191089
9781483182148
9780444601582
9780080526997
9780128003275
9781782424932
9780444640598
9780080456164
9781483161099
9780323155656
9780080543901
9780080858036
9780080458175
9780080566191
9780080912011
9780080565637
9780080522623
9780080575988
9780080539928
9780123815255
9780080914954
9780444538659
9781483287690
9780080578712
9780080581569
9780080527833
9780080517537
9780080489841
9780080553467
9780080530444
9780080963273
9780123757272
9780080916231
9780123808516
9780080528557
9780128027158
9780123860248
9780080578880
9780080580340
9781483287843
9780080580333
9780128161166
9780444634665
9780080468303
9781483183626
9780080543123
9780080540474
9780080467382
9780080493732
9780080865652
9780080542409
9780080868134
9780080563114
9780080582528
9780323160834
9780444596482
9780123859259
9780444537492
9780444642028
9780080926315
9780080538204
9780080578934
9780080984360
9780124115422
9780080861210
9780128023372
9780123965141
9780444634702
9780128093696
9780123965073
9780123918697
9780080951522
9780080558196
9780080538150
9780080554877
9781483181462
9780080868387
9780080508122
9781483262055
9780323146449
9780080925561
9781483137100
9781483282343
9781483278629
9780444600707
9780080550879
9780080566276
9780080566160
9780080916248
9780080583860
9780080931050
9781483286877
9780128136423
9780080493329
9780080920566
9780080865768
9780128155394
9781483219448
9780323149358
9781483268248
9781483161143
9781483182285
9781483218731
9781483158402
9780323159586
9780857097996
9780323146067
9781483278650
9780323142939
9780323146234
9780857097590
9780080917030
9781483191874
9780444639424
9780128019153
9780080865560
9781483218878
9781483150451
9780128009925
9780080456249
9780080525532
9780080490274
9780080923864
9780124051836
9780080466781
9780444635884
9780444626066
9780123914453
9780080474472
9780080458298
9780080488813
9780128151440
9780080481036
9780080461991
9780080466842
9780128034439
9780444600615
9780444538116
9781483290928
9780080552651
9781483290034
9780080912325
9780080546421
9780128125236
9780080868219
9780128141984
9780444510051
9780080517513
9780080858333
9780080457222
9780080866307
9780080963136
9780080580449
9780080524498
9780080458366
9780080530321
9780080563121
9780080532325
9780123813541
9780080861241
9781483292953
9780080858357
9780123756947
9780080552088
9780444535917
9780080858272
9780080548579
9781782420507
9780080536811
9780128110416
9780080558028
9780444634856
9780123813565
9780080916774
9780081022948
9781483289908
9780080552309
9780444597540
9780080545905
9780080582450
9780080578842
9780123870186
9780080584003
9780080580166
9780444598592
9780080530352
9780080535692
9780080531700
9780080466767
9780080858685
9780124169739
9780080538839
9780123865489
9780128128350
9780323162159
9781483282046
9781483273198
9781483148861
9781483267036
9781483154770
9781483187570
9781483158747
9781483188379
9781483191102
9781483144603
9780323152211
9780080865522
9780080513348
9780080912523
9780128116524
9780080925554
9781483290058
9780080858524
9780080878249
9780080515465
9781483291673
9780128110492
9780080858517
9780323154697
9780323146562
9780080541082
9781483220086
9780080576466
9781483160269
9780080462349
9780323163231
9781483217451
9780323162616
9780080501093
9780128033739
9780857099778
9780323148139
9780128022023
9781483164717
9780323149976
9780128151471
9780123813077
9780323159524
9780080565651
9780323147866
9781483152141
9781483269481
9780323146524
9780444634696
9781483278674
9781483188461
9781483139234
9781483272634
9781483188102
9780128024683
9781483165462
9780080528953
9780323158350
9780080886725
9781483182599
9781483152646
9781483289939
9780080578736
9780080584096
9780080527857
9780080531441
9780444594495
9780080522388
9780080457949
9780080578668
9780080543482
9780080515533
9780323138192
9780124078987
9780080474489
9780080566238
9780444597519
9780080887098
9780080459745
9780080522258
9780080472287
9780080511214
9780444594624
9780444538345
9780123877024
9781483281537
9780444595720
9780323146401
9780080576589
9780080576459
9780124115408
9780080914138
9780080544373
9780080529172
9780080515090
9780124078284
9780128020128
9780128023341
9781483217499
9780323150064
9780080932781
9780080921853
9780080551999
9780444596185
9780080970738
9780444641441
9780128121818
9780128121870
9780080569840
9780128035658
9780444534736
9780123859051
9780323162043
9780444626950
9780080538525
9780080534404
9781483286150
9780128014905
9780444563330
9780080868073
9780080576084
9780444537898
9780080459042
9780080527864
9780080493725
9780323151306
9780080529639
9781483260983
9780323144506
9781483161112
9781483269627
9780323157100
9780080509884
9780080584188
9780080584171
9780080918129
9780080584195
9780080532172
9780080565552
9780080562841
9780080566115
9781483191348
9781483220437
9780323154222
9780323160049
9780323141031
9781483279060
9780080464503
9780123854650
9780123972149
9780323160605
9780323160612
9780080543246
9780124200807
9780080932033
9780123809377
9781608059782
9780080500980
9780128134085
9780080551364
9780123814333
9780128054680
9780128128251
9780080925585
9781483135809
9780323150903
9780323160322
9780080525860
9780080458199
9781483286396
9780080858258
9780080858265
9780080868257
9780080875200
9780080868264
9780444596918
9780080887708
9780080858630
9780080858463
9780080887470
9780080887388
9780080887531
9780080887692
9780080544625
9780323154178
9780323153041
9781483281599
9781483261867
9781483278582
9781483280738
9781483221304
9781483139623
9781483144429
9781483153780
9781483187341
9781483162669
9781483164007
9781483187624
9781483155333
9781483163925
9781483139593
9780323150996
9780323155991
9780323150927
9780323141963
9780080878560
9780080563060
9780080576046
9780080578699
9780080578705
9780080582344
9781483290010
9780080963969
9780444596192
9780080551586
9780444597007
9780080545073
9780080932699
9780123860125
9780080524252
9780080469300
9780080571034
9780080455549
9780080571782
9780080476490
9780444537836
9780080916644
9780080537382
9780080525501
9780080518176
9780128096482
9780123865380
9780128121825
9780080875484
9780080565460
9780080464923
9780080582412
9780128037898
9780128050774
9780080501123
9780323145114
9780128019917
9780123822406
9780080505473
9780080887883
9780128136447
9780081022368
9780128048467
9780080584065
9780444527455
9780444640697
9780080530734
9780080526775
9781483144658
9781483162577
9780323157308
9780080583754
9780080495767
9780080982267
9780128110058
9780128031995
9780080461618
9780123809353
9780080888675
9780080471273
9781483264066
9780323154703
9780323153614
9780080977430
9780080880723
9780080576329
9780080576398
9780080553085
9781483191812
9781483289588
9780080541754
9780323142397
9781483284576
9780323141222
9781483217253
9780080546384
9780444599186
9780080576244
9781483216430
9780323159982
9781483273730
9781483284262
9781483192154
9780080527376
9780080582573
9780123810427
9780080515304
9780123973054
9780080868349
9781483290867
9780444600288
9780080536804
9781483284279
9780323144513
9780323148443
9780080495057
9781483154411
9780080506593
9781483286419
9781483214085
9780080932606
9781483291390
9780128054437
9780080879178
9781483269474
9780323152570
9780323145701
9780080521497
9780080576572
9780080584041
9781483158327
9780080576145
9781845693077
9780323144100
9780323161848
9781483278834
9780080549668
9781483278636
9781483278919
9780323150279
9780444599445
9780080576305
9780123852366
9781483275659
9780080543741
9781483151328
9780080472980
9780444633002
9780080555539
9780080472263
9780080476506
9780080950860
9780444635754
9780080497839
9781483289717
9780080886275
9780080506265
9780080455563
9780080540443
9780080578675
9780323139090
9780080523781
9780080923932
9780080458564
9780080455273
9780080538174
9780080930763
9780080540634
9780080580203
9780128142141
9781483147680
9780080455532
9780323152990
9780323162104
9780080858043
9780080865539
9780128032251
9780080455204
9780323141192
9781483186900
9780080968063
9780080923871
9781483159355
9780080916996
9780323143141
9781483104089
9781483148502
9781483187587
9780080525211
9780080931968
9780444639363
9780124046825
9781483151748
9780444639004
9781483137896
9781483274669
9781483270173
9780128120972
9780080886978
9781483158211
9781483156446
9780128019931
9780323153072
9781483158594
9780323148528
9781483280868
9781483156231
9781483150376
9781483158396
9781483146614
9781483280165
9781483278896
9781483280608
9780080885070
9780444536006
9780080556321
9780080921044
9780080524177
9780080462110
9780444637413
9780080542706
9780444641847
9780080454429
9780080524030
9780080566269
9780080565583
9780080455754
9780080515663
9781483269054
9781483261874
9781483194011
9780080576619
9780080866321
9780080865454
9781483285009
9781483191959
9780323142953
9780080866246
9781483100944
9780080583761
9781483292250
9780080569949
9780128155110
9780444599049
9780080875576
9780080858807
9780444600240
9780080578620
9780080582306
9780080544786
9780080576251
9780323147439
9780080475127
9780323152310
9781483216010
9780323140966
9780080493589
9780323161855
9780323154260
9781483216850
9780080456997
9780323140904
9780128025253
9781483191355
9780323147088
9780323150965
9780080496573
9781483161440
9780080472713
9781483286075
9781483140599
9780444636119
9780080540078
9780124115699
9781483156644
9781483159621
9780080513836
9780128111086
9780123860484
9780080858159
9780080581477
9780444636096
9780128116562
9780080559971
9780080467986
9780080858081
9780080527000
9780080580227
9780080466729
9780080878539
9780080890555
9781483293844
9780080916972
9780080454450
9780080536972
9780080584102
9780080538860
9780080581552
9780080582610
9780444599452
9781483290317
9780080960678
9780080875552
9780128121276
9780080526980
9780128121771
9780128129326
9780080554655
9780444598967
9780080513485
9780080542195
9780080913254
9780080865614
9780323138949
9780080534688
9781483190419
9780128004500
9780080571164
9780080509624
9780080567860
9780080887852
9780080469669
9780080461014
9780080865621
9780080558158
9780080581705
9780080530710
9780128003008
9780080524801
9780080525488
9780124158849
9781455731527
9780080528991
9780080529059
9781681081977
9780128111062
9780128121986
9780080551906
9780128020524
9780080540191
9780080540368
9781483279848
9780128093443
9781483181714
9781483153858
9781483146430
9780080501079
9780080932279
9781483278797
9780323153522
9780080878553
9780080583952
9780323154598
9781483147215
9780323158411
9780080576381
9780080576282
9780323160568
9780080576480
9780080576275
9780323157155
9781483288000
9780080912509
9780080584126
9780080565606
9780323140171
9781483280561
9780080581729
9780080912493
9780080584058
9780080926155
9780080536989
9780080534619
9780080582597
9781483260457
9780128132470
9780080534367
9780080912448
9780123858580
9780080866291
9781483104003
9780323148740
9781483155760
9781483148205
9780080966861
9780128145203
9780128093689
9780080542058
9780444595294
9780444535856
9781483280615
9780323146456
9780080493497
9781483278711
9781483284736
9781483100975
9780128011645
9780128093702
9781483150147
9780323150644
9780128110621
9781483100951
9780128093672
9780323157582
9780080865416
9780323156134
9780323161978
9781483261898
9781483281438
9780080582498
9780128157732
9780080576442
9780080576602
9780124171916
9780081000427
9780323152839
9780124058552
9780124078314
9780444537102
9780080582603
9780080454412
9780080858098
9780080552743
9780444635730
9780080465838
9780080528472
9780080923147
9781483290874
9780080534091
9780080513379
9780080875637
9780080558172
9780080537320
9780444600691
9780080538846
9780123965134
9780080512976
9780080914411
9780080537337
9780080858326
9780128155387
9781782420606
9780080931302
9780080550862
9780080540399
9780128018101
9780080551968
9780128110669
9780323161022
9781483284996
9780080528496
9781483284552
9781483275666
9781483153100
9781483145860
9781483146355
9781483158853
9781483141176
9781483182582
9780080566122
9780080576237
9780080582375
9780080546414
9781483285634
9781483284415
9780444597557
9781483286044
9780123810144
9780080456065
9780080519197
9780128127933
9780080583853
9780444601551
9780080875699
9780080544540
9780080875651
9780080858616
9780080858500
9781483291017
9780080868332
9780444597168
9780444596567
9780080858845
9780080576367
9780080576527
9780323156967
9780128154274
9780323145107
9780323147514
9781483279923
9781483261850
9780323143479
9781483188362
9781483278605
9781483261836
9780128137116
9781483190921
9781483280080
9781483156125
9780323144254
9781483104096
9781483158464
9780323153942
9780128011386
9781483138459
9780080565613
9780323149808
9780323154710
9780323154604
9780128025222
9780128033791
9780128029091
9780128003282
9780323154031
9780128035016
9780081026694
9780080458144
9780444594143
9780080544731
9780080472249
9780080875378
9780124071704
9780128097694
9780080541488
9780080858661
9780080552668
9780124058576
9780080999401
9780815518563
9780080546391
9780080462103
9780080542027
9781483297859
9780080921846
9781483285481
9780080858401
9780080464893
9780444641809
9780080531427
9780080527697
9780080567785
9780080866284
9780080578811
9780080582351
9780080576138
9780080580432
9780444543172
9780080875538
9780323156035
9780128093450
9780124158672
9780080530598
9780444639158
9780080538884
9780128039649
9780128023563
9780080958446
9780128155141
9780128135853
9780128016695
9780128029794
9780080550886
9780080562971
9780080581736
9780444599056
9780080560694
9780128042090
9780123814340
9780080583846
9780080578637
9780080576220
9780080580128
9780080581576
9780080539348
9780080472904
9781845692568
9780128048382
9780080528045
9780080560779
9780444535535
9780128020548
9781483284613
9780323144872
9781483257037
9781483257587
9781483271392
9781483276052
9780323157315
9780323161008
9781483274584
9781483187594
9781483103990
9781483135618
9781483218724
9781483151205
9781483160115
9780080925578
9780080514772
9780123848635
9780080999289
9781483285627
9780080875644
9780080582337
9780080868240
9780123884077
9780128157916
9780128157893
9780323147064
9781483261843
9781483194004
9781483281483
9781483281513
9781483284729
9781483190907
9780323160896
9780323156752
9780323145718
9781483213873
9780323153324
9781483280042
9781483150970
9781483153452
9781483140216
9781483139647
9780124046436
9780128003299
9780323158039
9780323143318
9781483284781
9781483291475
9780323156639
9781483292335
9780323153294
9781483281292
9781483146287
9780323155922
9780080544083
9781483104102
9780128121887
9780080578910
9780323153270
9780128010723
9780080858012
9780128048450
9780080866277
9780080538716
9780123865397
9780080471976
9780080541099
9780080583839
9780080508597
9780080545288
9780080917795
9780128048351
9780080563008
9781483288772
9780080562858
9780128117422
9780444636829
9780080537344
9780080886121
9781483257068
9780444598493
9780080915036
9781483100869
9781483147413
9781483274706
9781483275499
9781483153209
9780080566221
9780080959078
9780323138079
9780128145968
9780080462004
9780080554525
9781483285603
9780080576206
9780080580111
9780080970387
9780128123225
9780081019276
9780080925622
9781483293875
9780080562889
9780080875187
9780080563022
9780123864789
9781483287508
9780080581620
9780080548838
9780080465760
9780080563091
9780080584225
9780080868097
9780080551944
9780128035573
9780080502458
9780444637949
9780444639448
9780080858302
9780080529011
9780080527024
9780080540696
9780128121955
9780080532257
9780080527369
9780123914873
9780080527208
9780444626684
9780080562964
9780080999937
9780080576541
9781483278926
9781483268255
9781483278780
9780080581606
9781483278995
9780323162678
9781483219837
9780323158312
9781483262024
9781483182827
9780080858340
9780080576343
9780080549705
9780128013229
9780080556963
9780123914880
9780080868202
9780128096055
9780128153994
9781483104140
9780444626714
9780080858562
9780444594709
9780080534459
9780080533148
9780124202122
9781483290898
9781483151380
9780128129913
9780080536705
9780128114636
9780080472317
9781483155463
9781483100913
9781483147628
9780323154864
9780323159975
9780080858678
9780857099372
9781483273396
9781483216027
9780080858890
9780080887500
9781483218472
9780080879215
9780323141758
9781483272450
9780323148597
9781483104126
9780123973450
9781483262000
9781483158655
9781483188553
9780080548388
9780128053300
9780080576015
9780080582481
9780323140645
9781483278698
9780323158534
9780323139458
9780080493602
9780128149591
9780080547084
9780128048405
9780080541204
9780080459769
9780080858548
9780128006634
9781483291147
9780080583990
9780080453828
9780123965448
9780080868059
9780080465425
9780080858227
9780444599339
9781483290409
9780080558004
9780080519227
9780080562902
9780080566283
9780080858296
9780080466675
9780080539843
9780080500997
9780080866338
9780080578613
9780080563053
9780080527413
9780323144360
9780815517542
9780444633286
9780080540153
9780444636102
9780080861234
9780080537597
9780128143636
9780080584201
9780080474533
9780080924304
9780080490250
9780080868196
9780080923345
9780080580173
9780323140591
9780080493671
9780080544779
9780444597298
9780080921815
9780080517964
9780128035689
9780080559612
9781681080628
9780123744135
9780080922171
9780080553382
9780080888668
9781483138909
9780080455655
9780080950853
9780080533391
9780128029572
9780123972897
9780124173149
9780128016862
9781483100937
9780323162036
9780080533650
9780857097545
9780123849779
9780323159838
9781483181707
9781483150628
9781483137957
9780444538932
9780080932569
9780128010846
9780080525518
9780080514482
9780444636447
9780128033531
9781483155531
9780080543499
9780080932125
9780323162111
9781483154107
9781483274614
9781483165639
9781483280776
9780128033159
9781483280899
9780080999302
9780128050811
9781483217475
9780323159746
9780080858869
9780080545004
9780444599469
9780080868325
9781483100890
9780128052655
9780128121856
9781483271101
9781483104157
9780080576404
9780080912462
9780323147125
9780444594440
9780323157841
9780080576091
9780080576183
9781483213897
9780080887197
9780080858319
9781483284521
9780080965291
9780444626325
9780123808998
9781483213880
9780124104860
9780080533513
9780323140614
9780080578767
9780444538055
9780444527011
9780444597977
9780444595539
9780080934273
9780080472256
9780128132364
9780080583976
9780080537504
9780444637567
9780080878591
9781483290768
9780080584157
9780081011133
9780123884237
9780080530918
9780323138819
9780080582511
9780080578958
9780080923857
9780123964670
9780081022498
9780080535074
9780128117910
9780128155103
9780080540214
9780128130032
9780080475363
9780080470627
9780124017085
9781483159690
9781483145112
9780080458847
9780124158665
9781483218649
9780123884053
9781483141206
9780080576411
9781483284491
9781483280158
9780080583730
9780080865591
9780080580142
9781483159218
9781483284705
9780080542713
9781483181684
9780080930541
9780080581583
9781483151250
9780080499192
9781483184302
9781483161211
9780080534701
9780080506913
9780080552255
9780128122945
9780128123362
9781483147239
9780081021040
9780857095794
9781483192284
9780080475875
9780080538181
9780323139175
9780128040720
9780080921877
9780080530512
9780080542072
9780080922539
9780080548586
9780080868288
9780080471358
9780080879185
9780124046405
9780080858203
9780080513362
9780080466835
9781782420453
9780124081123
9780080571232
9780081004753
9780080474922
9781483285580
9780444600639
9780080886992
9780080960708
9780128098943
9780128121979
9780080474038
9780323290593
9780128125465
9780128036693
9780080467221
9780080538068
9781483151014
9781483278513
9780323155373
9780323152181
9781483100920
9780323152129
9780128154083
9780323149327
9780323161046
9781483158808
