9780080479484
9780444598233
9780444597335
9781483290065
9781483295886
9780128110577
9780080477329
9780128038697
9780080518718
9781483296777
9780124104594
9780128045046
9780128023501
9780080533186
9781597494878
9780080480787
9780080558387
9780080558707
9780080949512
9781597495509
9780080953854
9780128013755
9781597499521
9780080912295
9780080570143
9780128030875
9780444599230
9780080556833
9780080557557
9780080566436
9780123977540
9780128009116
9780080540160
9781780634722
9781597499811
9780128004722
9780080531311
9780128131091
9780081023433
9781483297408
9781483192420
9780124104457
9780815517733
9781483298191
9781483294643
9781483296555
9780128097052
9780123978172
9781483297781
9781780631639
9780123972965
9781437744842
9781780633190
9781483184005
9780123810182
9780123813152
9780124166608
9780128009437
9780124072077
9781780633626
9780080476537
9780124201828
9780080481746
9780080922812
9780081004500
9781483293950
9780080481074
9780080507897
9780080541198
9780857090201
9780080534862
9781483298177
9781483298627
9780080535975
9780080928623
9780080532318
9780080540375
9780080479835
9780080491028
9780080495958
9780123785695
9780080525464
9780080928708
9780080577593
9780080960425
9780124159105
9780124199958
9780123751669
9780080478166
9780080458403
9780123983329
9780128025550
9780123985170
9780128001899
9780444635372
9780857099747
9780081008072
9780080460413
9780080558349
9780128023617
9780080476551
9781483299471
9780080494982
9780080504650
9780080535227
9780080495729
9780080916453
9780080489056
9780080878584
9780080558783
9780080470115
9780080538433
9780080468891
9780080517759
9780080490281
9780080508023
9780081023693
9780323139953
9780080553405
9780080577753
9781483295183
9781483292366
9780080489391
9780080566764
9780323139960
9780080469904
9780128044964
9780080532769
9781483294612
9780080503448
9780080553931
9780080535920
9780080546315
9780081012796
9780081006702
9780080529578
9781597494885
9780080879697
9780857090812
9781780632568
9780080950808
9780080517742
9780124186644
9780444639677
9780124104211
9780080488974
9780124115910
9780080481791
9780080868356
9780080558790
9780080560748
9780080508139
9780080555881
9780080459523
9780080489438
9780080519029
9780080489421
9780080476995
9780080495484
9780080510118
9780080983394
9780124159693
9780080556888
9780128113776
9780128052822
9780080477404
9780128008133
9780128051085
9780128008249
9780128052600
9780081023624
9780128036006
9780128137895
9780080517469
9780080553979
9780128045824
9780128035733
9780128037027
9780128029312
9780128046524
9780080533407
9780128044995
9780128091951
9780128043578
9780128021996
9780128045411
9780080490076
9780080577432
9780080475110
9780128039366
9781483152950
9780128041994
9780128013731
9780128008119
9780080514345
9780124166585
9780080496153
9781597497305
9781597497398
9780080558653
9780128122297
9780128018026
9780080477145
9780080476988
9780128019634
9780124104884
9780124104754
9780123972255
9780080476735
9780128030011
9780080478159
9780080474656
9780080561004
9780080552132
9780080500836
9780080459677
9780080499871
9780081008768
9781483298337
9780080513218
9780080515847
9780080490984
9780080479293
9780080541242
9780080489858
9780080951553
9781483294988
9780080515748
9780128099476
9781483298351
9780128121894
9780080491240
9780080480459
9780080470498
9780124104969
9780080577159
9780080566498
9780080507354
9780080510644
9780080537153
9780124078307
9780323139748
9780080512181
9780080529660
9780080508832
9780080566634
9781483295671
9781483290256
9780080518268
9780080880242
9780128019641
9780081021088
9780081017586
9780080566696
9780080577227
9781483297026
9781483296579
9780444599247
9780444596048
9780444600066
9780080520841
9780080921860
9780080495880
9780123849243
9780080921488
9780080948553
9780123870179
9780080569529
9780124172166
9780124115835
9780080880310
9780080554358
9780080495910
9781597495622
9781782421108
9780080474816
9780081018972
9780128018811
9780128098752
9780080568799
9780080512242
9780080513515
9780128015872
9780080459585
9780080535784
9780124159419
9780081020340
9780128003251
9780080557526
9780123814159
9780080558509
9781483106076
9780123852151
9781483297095
9780128007105
9780444600295
9780080866819
9780080530079
9780124202351
9780080491691
9780124078321
9781780633138
9780080949154
9780128127322
9780080459158
9780127999241
9780080513287
9780080512297
9781483296906
9780080530833
9780128093665
9780080476315
9780081010624
9780080539904
9780080507569
9780080491837
9780080577739
9780124115132
9780080539645
9780080867403
9781483298061
9780080475936
9780128003886
9780128045770
9781780633770
9780080535289
9781780630540
9780080520940
9780080993898
9780081010150
9781483296418
9780080558776
9781483295510
9780128026236
9780128005224
9780080491547
9780080529318
9780080550015
9780124080553
9780080492025
9780080957197
9780080513294
9780080527147
9780081001158
9780080558585
9780080489513
9780080491226
9780080457284
9780123973245
9780081004869
9780080477190
9780124081116
9780080478104
9780080458267
9780128028209
9780128115602
9780128033395
9781597499712
9780128011782
9780080884943
9780080957203
9780128034934
9780080560120
9780081011737
9780444597229
9780080560106
9780080530765
9780080553429
9781597499552
9781483291826
9781483299402
9780081012383
9781597496469
9780080459349
9780128008003
9780128029145
9780080460048
9780123820952
9780080558264
9780080476070
9780123785640
9780128036679
9780080577258
9780080459639
9780323430197
9780124047235
9780128009895
9780128119068
9780444600363
9781483298153
9780128017050
9780080553825
9780080916613
9781597496285
9781856179225
9780128023532
9781483295640
9781483284972
9780080489728
9780080577241
9780080478494
9780080458557
9780080886138
9780080512495
9780080510286
9780080478074
9780080497488
9780080481593
9780080512846
9780128112601
9781483297811
9780444597922
9780128003268
9781483221120
9781597495448
9780128010990
9780128003107
9780080921259
9780124167452
9780080513386
9780123846990
9780124095359
9780080535708
9781780633428
9780080490052
9780323150637
9780080957036
9781597495363
9780081000885
9780081005897
9780323389594
9780080463803
9780123972385
9780128105443
9780123815217
9780123977953
9780080511931
9780128011584
9780123785701
9780080548739
9780081024126
9780080478654
9780080496375
9780080533674
9781483296784
9780080502267
9780080577395
9780080534848
9780080577388
9781483295862
9780080489322
9780080457413
9781483298450
9780080566443
9781483293257
9780444596635
9781780631806
9780080477640
9780123946133
9780080521794
9781597497459
9780124104778
9781780631882
9780857093608
9780080475004
9781780633619
9781780632896
9781780631837
9780080510132
9780080489445
9780123972224
9780123978141
9780080478821
9780080514475
9780080522623
9780080542188
9780080510552
9780080521190
9781483296623
9780128121900
9780080469386
9780128016718
9780080541365
9780128121924
9780080471907
9780080512532
9780080531304
9780080554204
9780080488660
9780080491899
9780080863801
9780080531298
9780080507552
9780128042595
9780081006153
9780124159730
9780080481814
9780080555669
9780080491929
9780080503783
9780080556680
9780128115145
9780080521893
9780080476766
9780080537399
9780080928821
9781483291994
9780127999197
9780080488943
9780080509563
9780128045374
9780080480985
9780080958798
9780080497471
9780323137591
9780080472522
9780080518480
9780080491011
9780080477169
9780080553191
9780080480268
9780080551357
9780128028070
9780128092255
9780080938455
9780080508665
9780080923512
9780128028162
9780080519012
9780080540801
9780080520094
9780080511825
9780080515908
9780080541266
9780080572642
9780128042618
9780080499055
9780080558622
9780124051782
9780080943541
9781597495400
9780128054413
9780128040942
9780080477022
9780128011362
9780080912004
9780080503042
9780123877673
9780081003534
9780080984766
9780080577326
9780080572062
9780080577104
9781483292113
9781483297439
9780323140621
9781483285061
9780124166455
9781483298184
9780124159822
9780124078864
9780080462783
9781780632216
9781780630502
9781780634012
9781780631905
9780080521695
9780128027165
9780080491493
9780080469881
9780080481647
9780123977809
9780124201576
9780080497556
9780128093474
9780080480701
9780080491196
9780081002230
9780080479262
9780124078802
9780124104501
9780080942582
9780128051047
9780080463896
9780128025970
9780124158696
9780080556086
9781597496056
9781597496360
9781483298467
9780080560502
9780080516387
9780080476773
9781483294278
9781483290928
9780080520773
9780080879253
9780080513553
9780080553580
9780128045312
9780080491875
9780128026205
9780080566733
9780080509075
9781483294490
9780080928715
9780080491851
9780080477565
9780080498843
9780080512594
9780080577609
9780080500454
9780080505565
9780080553566
9781597495547
9780080518435
9780080542164
9780080470474
9780080552316
9780080504773
9780123914163
9780080473833
9780080473741
9780124114517
9780128052839
9780444535702
9780444594464
9780123978240
9780080468143
9781597499736
9780080560205
9780123751072
9780124201859
9780123858900
9780080502847
9780080949161
9780128093436
9780123972880
9781597496544
9780080879321
9780080466941
9781483298436
9780080551432
9780080566665
9781483293431
9780123948298
9780123849595
9781483293769
9780080558691
9780080921150
9780128155424
9780080500188
9780123985163
9780080462875
9780081011645
9780080569369
9781483214535
9781483142135
9780080475721
9780128104095
9780128006092
9780128025642
9780080492681
9780123848703
9780128032114
9781483295497
9781483291079
9780080870274
9780124160002
9780128146026
9780128499047
9780081009031
9781483291673
9780123822307
9781597496568
9780444600684
9780444597236
9780123850607
9780127999326
9781437728217
9780080549293
9780080530406
9780128039304
9780128135105
9780128038741
9781483184043
9780128017517
9780080476612
9781437728231
9780080577500
9780123914095
9780124095335
9780128008164
9781780631141
9781483146911
9780323149747
9780080513119
9780124058538
9780124171237
9780123865366
9781483294186
9780124017139
9780080864334
9780124166998
9780080491417
9780080862460
9780124095229
9780080520896
9781483298566
9780080517261
9780080514918
9780124095465
9780080481654
9780080551197
9780080489698
9780080577098
9780080477183
9780080469966
9780080491943
9780080526676
9780080472287
9780080488387
9780080481470
9780080495460
9780128001936
9780128041963
9780080571430
9780080954080
9780128008140
9780123965196
9781597499873
9780128023402
9780124115729
9780124078796
9780080879147
9780080551128
9780080558646
9780123813190
9780080558745
9781597496445
9781483295138
9780080551241
9780080458540
9780128042106
9780124046009
9780124166707
9780080500379
9780123973283
9780080489582
9780080511719
9780080527598
9780080513881
9780080558721
9780080477268
9781483298429
9780815517597
9781483295381
9781597494717
9780080540351
9780080492001
9780080505299
9780080949093
9780080508450
9780080506876
9780080515830
9780080477398
9780080556659
9780080488400
9780080502625
9780080481562
9780080491455
9780080533100
9780127999791
9780080555355
9780080488806
9780080553542
9781780632742
9781780631714
9780080529721
9780080519234
9780080514833
9780080530574
9780080502601
9780080492223
9780080576992
9780080577210
9780080912165
9780080515793
9781483297873
9780123810205
9781483146843
9781780630212
9780080465364
9780080577357
9780080550558
9780128014813
9781597495349
9780128026687
9780128010976
9780080923048
9780081003749
9780124114906
9780080478838
9780128036518
9780080461090
9780080568782
9780128099506
9780080511566
9780080569994
9780080480848
9780123757180
9780128037065
9780081024102
9780080558714
9780080518862
9780081007013
9780080921693
9780081017579
9780128030424
9780080502373
9780080535524
9780080535005
9781483290102
9780080577005
9780444597175
9781483291529
9780080887395
9781483299457
9780080866925
9780444600882
9780444597250
9780123910653
9780080479941
9780124186835
9780080474779
9780128037164
9780080886626
9780080558806
9781483295657
9780080566528
9781483295701
9780815517610
9780128041147
9780080558752
9780080554334
9780080455730
9780080519753
9780080558592
9780080919973
9780080458939
9780080513614
9780123785534
9780124171039
9780080923284
9780080923222
9780128140369
9780080473864
9781483214467
9780128038543
9780081000700
9781483293073
9780080926247
9780080558318
9780080956916
9780080481104
9780080470467
9780080510491
9780128023419
9780128045039
9780128034989
9780081022214
9780081022887
9780081023167
9780124201842
9780124046382
9780081012642
9780080491189
9780080520100
9780080951119
9780081020166
9780080550534
9780080921938
9780080566580
9780080479286
9780128010969
9780128114322
9780323139915
9780080488677
9781483297347
9780080920887
9780080513508
9780080922553
9780080556246
9780080560076
9780080546261
9780128040812
9780080539188
9781483298054
9780080489872
9780080524405
9781483145563
9780080556765
9780080473895
9781483289588
9780444597687
9780080469096
9780080504490
9780123813701
9780080577234
9780128003190
9780124158825
9780080537214
9780123810281
9780080934051
9780080472300
9780080951850
9780080558516
9780080949208
9781483297842
9781483295732
9780080489308
9780080493886
9780124115200
9780128023396
9780080493510
9780124169722
9780128017449
9780128008195
9780080525655
9780080518800
9780080465555
9780080511726
9780080576978
9780080504599
9780080510125
9780124045927
9780128003077
9780128002537
9781483298405
9780080555638
9780128010617
9781597494892
9780080566719
9780128029923
9780081017920
9780080867236
9781483298412
9780080867199
9780080520322
9780080867267
9781780631769
9781780631400
9780123859846
9780123813138
9780123859310
9780080552095
9781483295022
9781780631332
9781780633664
9781780630687
9780123814654
9780080577135
9780080556444
9780080503158
9780080888699
9780080502199
9780080520179
9781597499569
9780080498126
9780080557571
9780080504032
9780080492292
9780080553917
9780080529820
9780080491936
9780080481838
9780080557373
9780080499321
9780080481456
9780080548982
9780080498157
9780080523781
9780080473673
9780080478173
9780080479446
9780080558813
9780080535296
9780080488509
9780080543925
9780080531458
9780080499215
9780080526188
9780128123065
9780080491264
9780128028902
9780128006719
9780128029824
9780080541846
9780080511559
9780080541334
9780080488561
9780128011317
9780080506081
9780128029152
9780081011591
9780080480138
9780080470177
9780081008140
9780128145791
9780123821911
9780080518879
9780080488981
9780128027813
9780123814739
9780124078734
9780080923215
9780128126103
9780128093825
9781597495523
9780123983244
9780128052921
9780080959085
9780080954097
9780081017937
9780128031933
9780080538396
9780128095461
9780444637413
9780128142059
9780123821034
9780080923161
9780080465746
9780124173071
9780080547060
9780080498980
9780080566672
9780080566641
9780080920726
9780080566511
9780080547848
9780080914459
9780080565033
9780080983981
9780128016497
9780080571157
9780123854902
9780080497808
9780444597366
9780123785923
9780080493268
9780128103937
9781780630458
9780080569123
9780080577524
9780080526218
9780080525457
9780080577333
9780080577517
9781780634241
9780080493251
9780080577418
9781782422648
9781780631745
9780123978486
9780080472713
9780124051812
9780080558820
9780080550138
9780080470764
9780080866673
9780080511009
9780080479453
9780080477602
9780080577180
9780080504094
9780080504001
9780128017807
9780080554747
9780080512518
9780080511764
9780080507873
9780080507101
9780128006191
9780080478388
9780080503806
9780080469973
9780081029305
9780080492254
9781483296869
9780128025284
9780080476148
9780080913155
9781483297613
9780128004272
9780080922027
9780080566788
9780080491134
9780128137871
9780080495903
9781483298603
9780080539799
9780080488882
9780080518473
9780080556147
9780081004630
9780080455372
9780124077294
9780080454962
9780080513652
9781483295787
9780124078871
9780080489292
9780080527505
9780128006658
9780080557335
9780080476261
9780081018675
9780081000892
9780124116214
9780081010693
9780123869883
9780815519027
9780080553146
9780080465166
9781856178334
9780080527604
9780080527987
9780080571218
9780080519562
9780080473901
9780128018828
9780080949505
9780080560038
9781597499651
9780123914798
9780080460703
9780444632418
9780124169876
9780080960944
9780128131909
9780081002414
9780080469980
9780080551319
9781437728224
9780081001318
9780080555430
9780080473345
9780081021736
9780128026489
9780128097656
9780080550589
9780128133279
9780081010242
9780128136782
9780080549590
9780080488073
9780080502953
9780124046078
9780123814210
9780080521725
9781483291932
9780080476131
9780124095298
9780080573076
9781483294209
9780080470771
9780080962962
9780124171282
9780080500584
9781483151120
9780080577555
9780080470801
9781483296197
9780124201057
9780128096468
9780128002018
9780080525112
9780123965189
9780080949178
9781780631820
9780128110591
9780080921785
9780080558479
9780080480213
9780081010457
9780815517054
9780123877949
9780124105065
9780128028438
9780080503288
9780128051337
9780081024133
9780124171688
9781597495974
9780323147354
9780080503813
9780080479828
9781483299150
9780080473840
9780080476582
9780444599223
9780080526669
9780080521527
9781780631912
9780128009079
9781483297804
9781483161204
9780124076570
9780124017122
9780128007877
9780081001073
9780080887180
9780080532790
9780080880365
9780123813176
9780123972958
9780124081093
9780080525471
9780080577364
9780080575308
9780080577449
9780128017500
9780080556437
9780080478128
9780080515670
9780080475592
9780080520384
9780080503370
9780080554082
9780128008317
9780080509594
9780080476544
9780080511610
9780080515625
9780080530253
9780080527420
9780081005132
9780128023549
9780080533612
9780080558561
9780080556710
9780080521442
9780080488691
9780080478180
9780080555614
9780080538389
9781483295244
9780080912639
9780080507545
9780080494142
9780080519807
9780080536613
9780080491004
9780080476728
9780444600691
9780080555546
9780080550336
9780080518350
9780123977939
9780128092385
9780081020043
9780128120408
9780080509204
9780080525235
9780080499727
9780124047242
9780128092620
9780080526225
9780124159884
9781483220550
9780323139595
9781483297514
9781483297699
9780080490519
9780080577111
9780444597410
9780080491684
9780080518909
9781483286846
9781483297170
9780080478760
9780123822321
9780080948416
9780080472508
9780080556383
9780080877891
9780128006436
9780123870070
9780080479958
9781483296593
9781483299426
9780080867939
9780080868332
9780080867120
9780080867274
9780123814975
9780128004067
9780080553849
9780124046948
9780128097366
9780128018927
9780080504704
9781856178716
9780128096161
9780128038208
9780124199910
9780128163450
9780080994284
9780128150726
9780080478135
9780080462769
9780080577425
9781780630298
9781483142227
9781780631233
9780128025468
9780080926025
9780080553900
9780128096871
9780080479620
9781483296081
9780080481166
9780123972873
9780124104693
9780080875378
9780124166561
9780080477152
9780080488967
9780124095267
9780124104433
9780080919423
9780080476742
9780124104488
9780080512198
9780128046494
9780080510538
9780080518671
9780080472454
9780080466620
9780080548821
9780080466057
9780080551777
9781483298047
9780080489704
9781483298443
9780124115996
9780080870212
9780080513638
9780080489735
9780080479408
9780080467689
9780080535241
9780128121917
9780080497457
9780080521435
9780323140164
9780080510330
9780080495026
9780123746498
9780080495873
9780323157445
9781483294827
9780080553535
9780080511665
9780080969169
9780128006757
9780128054482
9780080548425
9780124199903
9780128118887
9780080488424
9780128039311
9780128038901
9780080506258
9780080486994
9780080556727
9780080961842
9780123855039
9780080481739
9780080923000
9780123859662
9780444641328
9780128499023
9781597495462
9780080549071
9780080570013
9781597496261
9781856179645
9780080919737
9780080921198
9781483291031
9780444598646
9780080888705
9780080922829
9780128008157
9781483292489
9780080922706
9780080566603
9781483297620
9781483297231
9780124167094
9780080470054
9780080529943
9780080951447
9780080520308
9780080489742
9780128138199
9781483184012
9780323137720
9780080984469
9780080520087
9780081005491
9780080504308
9780128054499
9781483298511
9780444596536
9781483296722
9780444597342
9780080476285
9780080566481
9780080977690
9780124116412
9781483294841
9780080476674
9781483295749
9780080490106
9780123859860
9781780631004
9780128016473
9780128027394
9781780630564
9780080577531
9780128010020
9780124104464
9780124047259
9780444634917
9780124076877
9780857094889
9781780632650
9781780633411
9781483291475
9780080504056
9781780633275
9780124078291
9780124078857
9780128003084
9780080479248
9780080532912
9780080558660
9780240824109
9780080550404
9781483298009
9780123947840
9780124047280
9780124072022
9780080884424
9780080481760
9780123855114
9780080520315
9780080577142
9781483292472
9780080566474
9780080478142
9780080476704
9780080455143
9780080479316
9780080505671
9780080512730
9780080490083
9780080488684
9780081011898
9780080570365
9780080471440
9780080491479
9780080526249
9780080548753
9780080515816
9780444636829
9780123972262
9781483292700
9780128016503
9780124058569
9780128147627
9780123868879
9780124116399
9780080556079
9780080576923
9780128119006
9780080497426
9780080513645
9780080489278
9780080576947
9780081004647
9780128045459
9780128052723
9780080534855
9780323138468
9780080566689
9780080528335
9780080534732
9780080532028
9780080576930
9781597496087
9781483287904
9780128042823
9781597495691
9780080507576
9780128112564
9780128051672
9780081021033
9780080558370
9780080560151
9780080518459
9780080549255
9780080867625
9780444538666
9780080517131
9780444639660
9780323328425
9780080479057
9780128025475
9780080491530
9781483265452
9780123809193
9780080566566
9780128155431
9780857099457
9780080914879
9780080553450
9780080889726
9780123877963
9780080533452
9780080512822
9780080508030
9780444597656
9780080476711
9780080502229
9780080875354
9780081012666
9780080549989
9781483295763
9780128093535
9780080949673
9781597499682
9780124059023
9780080535128
9780080480992
9780080569901
9780080491554
9780080476643
9780128015544
9780080502434
9780080503660
9780080479439
9781483294780
9781483294742
9780080476759
9780080499420
9780080475929
9780080569871
9780080981994
9780080536705
9780128045015
9780080479033
9780080867632
9780128020913
9780080544809
9781483153773
9781597496421
9780128014707
9780444535252
9780444598769
9780080513065
9780080941738
9780080488349
9780080489773
9780080551838
9780128025956
9780128038659
9780323138369
9780081022597
9780128036013
9780128045053
9781780633060
9780080577371
9780080464763
9780123855138
9780444597441
9780444597694
9780128018354
9781483290355
9780080577081
9780080478319
9780124158108
9780080456911
9781782422167
9780128017456
9781780634265
9781780630472
9780080922744
9780080546131
9781597496148
9780080456935
9780080577470
9780080922997
9780080515168
9780123858627
9781780631790
9781780633824
9781780631356
9781483294483
9780080867311
9780080492308
9780123785688
9780080541204
9780080497297
9780127999142
9780080553559
9780080476452
9781908818249
9780080519685
9780080500232
9780081008089
9781483294735
9780080460482
9780080481050
9780080477213
9780128037423
9780080510934
9780080867359
9780080541532
9781483296852
9781483294339
9780124080683
9780128155400
9780080491868
9780080477435
9781780631691
9781780631660
9780128143247
9780080921471
9780080471501
9780080952116
9780080497341
9780080461465
9780080526195
9780123859648
9780080475981
9780123884329
9780128005040
9780128006214
9780080541372
9780080503608
9780080518589
9780128139691
9780128041864
9780080566504
9780080542416
9781483296692
9780080535944
9780128034644
9780080492445
9780444599773
9780080554150
9781780631073
9781780630663
9780123965172
9780080522944
9780080925202
9780080529875
9780444634429
9781780633176
9780124016842
9780123964786
9780123820235
9780128093467
9780080560137
9780080505237
9780123914620
9780080557946
9780080878508
9780080959146
9780080942551
9780080569970
9780124200470
9780128033357
9780123914057
9780128025031
9780081019689
9780444636447
9780080521558
9780080516295
9780128096444
9780080519746
9780123914187
9780128014684
9780123947925
9780080569987
9780123948304
9780128129302
9780080560199
9780080960975
9780128008171
9780128131107
9780123786258
9780128039298
9780080462837
9780124171404
9781780630113
9780080868325
9780124079298
9780123852076
9780123914439
9780128017180
9780080550640
9780128004128
9780080493244
9780128023709
9780123850522
9780080489551
9780124157613
9780080929910
9780124104860
9781483298580
9780444598882
9780123978165
9780080480824
9780124079267
9780080866628
9780080555515
9780080470221
9780080570563
9780128045121
9780128025482
9780080551555
9780080514338
9780080459998
9781483296272
9780080478876
9780080926469
9780081010846
9780080460727
9781483298535
9780080500928
9780080474557
9780080557922
9780080550541
9780123869913
9780080928647
9780080538402
9780080494715
9780080558493
9780080488295
9780080503547
9780080488950
9780128123706
9780080928784
9780080541174
9780128104941
9780080518688
9780124114890
9780128044384
9780080942438
9780080577722
9780128017463
9780123820853
9780080877914
9780080951133
9780080943626
9781597499538
9780128042229
9780080556857
9780080477541
9780124166950
9781597496520
9781483101095
9780080512600
9780444598417
9781483275604
9781483184036
9780080577050
9781483296562
9780123820211
9780080994017
9781597497282
9780124171749
9780080515472
9780080569963
9780080560175
9780124071650
9780080560144
9780080496467
9780080557977
9780080490069
9780124055209
9780080949192
9780128053355
9780080513423
9780128092712
9780081005910
9780081010709
9780128112236
9780128052785
9780128103852
9781780634388
9780080473802
9780080466484
9780123751157
9780124172937
9780081011577
9780128037577
9780124166943
9780080868288
9780080924205
9780128005033
9780080532882
9780080543062
9780080558684
9780080475943
9780080481555
9780080461274
9780080537009
9780080555362
9780080558639
9780080520674
9780080476230
9780080497464
9780080488844
9780080526973
9780080553658
9780128155417
9781483299044
9781597495585
9780080510521
9780080475578
9780081005484
9780080558257
9780124115286
9780080500805
9780124055117
9780123821973
9780080463872
9781780631226
9781782421245
9781782421238
9780444601612
9780857095770
9780080469010
9780080496344
9780080577579
9780080498065
9781483296814
9780080463858
9780080467931
9780123849892
9780080552019
9780080465531
9780080525990
9780080512501
9780080456324
9780080508825
9780080521121
9780080476971
9780080566542
9780080518930
9781780630434
9780080473680
9780080577203
9780080529929
9780080454702
9780080476780
9780128017982
9780080558738
9780128156100
9780123859822
9780123973252
9780124046016
9780128025215
9781597499729
9780124114951
9780124045958
9780128029015
9780080577272
9780124166097
9780124051775
