9780323291620
9780323288019
9780702054174
9780702065644
9781455773763
9781455757114
9781437723571
9780323396592
9780124166134
9781455773794
9780323370127
9780323088404
9780323262330
9780323566643
9780323510271
9780323510240
9780323357982
9780323358002
9780323595032
9781455712106
9781483296760
9780323417785
9781455743223
9780323297301
9780323261371
9780128052600
9780702066467
9780702066450
9780702063312
9780702054242
9781437711844
9780323241939
9780323356015
9780323249928
9780323581813
9781437702026
9781455773824
9780323533126
9780323533096
9781455757855
9781437723601
9780323171397
9780323171403
9780702070587
9780702070600
9780702058820
9780702058837
9780323569545
9780323567978
9780323240772
9780323240741
9780323249751
9781455774029
9780323227629
9781455745210
9780323636155
9780323636162
9780323265508
9780323291514
9780323241403
9780323353946
9780323227988
9780323356206
9780323242790
9781437723656
9780080455891
9781455709731
9780080559834
9780323139496
9780323482936
9781455747986
9780323448796
9780323311953
9780323185936
9781455712083
9780128110553
9781483292984
9781455709144
9780123978691
9780323323505
9781455757824
9781437711820
9780702068287
9780702068294
9780323168489
9780323065139
9780323442596
9780323442619
9780702049989
9781437706482
9781455775804
9781455740826
9780323243636
9780702057335
9780702057397
9780323482523
9780323482486
9781455773756
9781455748006
9780323320474
9780323242936
9781455747979
9780323287296
9780323261395
9780323413619
9780080552033
9780323312141
9780323312394
9780323511278
9780702037337
9780702055881
9780702055898
9780323498036
9780323498029
9781455757565
9781437701951
9781455757695
9781437711769
9780123751591
9780080580715
9780080526539
9781416069331
9781455757473
9780080536071
9780323227902
9780323375207
9780323243674
9781455746729
9780323354950
9780323354998
9780323241984
9781455707294
9780323496223
9780323496407
9780323086806
9780323243001
9780128128770
9781455703234
9781455774562
9780323356923
9780702050893
9780723438182
9780723438175
9780323356916
9781455747948
9781455712113
9780323342063
9780323342056
9780080926384
9780323388566
9780323388597
9780702068379
9780128093207
9780323531610
9780323553056
9780323327909
9780323341233
9780323523479
9780323523486
9780323566629
9781455757954
9781437706611
9781455744572
9780323294782
9780080537641
9780128097007
9781455700790
9780323416726
9780323549080
9780723437062
9781455757930
9781437706550
9781455757992
9781437707991
9781455774579
9781437703023
9780123972729
9780323242165
9781455745562
9780323477161
9780128092378
9780123978370
9780323448789
9780323394307
9780323394888
9780323312318
9780323312288
9781455740864
9780323243551
9780323394277
9780323394246
9781455747993
9780080580890
9780323532648
9780128040614
9780323355971
9780323477178
9780702058547
9780702052934
9780323402774
9780702042683
9780323186636
9780323291705
9780323226530
9780323243391
9780323392983
9780323392952
9780323188036
9780323188043
9780080919218
9781455709205
9780702065729
9780702054181
9780323393638
9780323462914
9780323444873
9780323376266
9781455773770
9780323395908
9780323545778
9780080933221
9780123851048
9780323391269
9780323482943
9780080557595
9780323241922
9781437711745
9780723439554
9780723439578
9780323546034
9780323546027
9780323354882
9780323354844
9780323320528
9780323320498
9780702049446
9780702058936
9781437713404
9781455757251
9780702066092
9780702066108
9780323241977
9781437723632
9780323528696
9781455757923
9781437706529
9780323570428
9780323570411
9780323583336
9780323316699
9780323316668
9780323390675
9780323390644
9780323533423
9780323533393
9780080526829
9780323138611
9780127999128
9780080919324
9780323413596
9781455700769
9780323264211
9781455744466
9780702068317
9780702068324
9781455757947
9781437706581
9780123848536
9780123919106
9781416069348
9780123785930
9781455758029
9781437727470
9780702059100
9780702052927
9781437708684
9780080527765
9781483286839
9780323531597
9780323188791
9780323444897
9780080479187
9780080533469
9780702032486
9780323261357
9780702070792
9780702070778
9781455747962
9780323311946
9780723435792
9780702063206
9780702063190
9780123751454
9781455727858
9780323266314
9780323228190
9781455739882
9780128011706
9780323359245
9780323316514
9780323549103
9780323413855
9780323413664
9780123948311
9780323581790
9780323416702
9780323326872
9788480865173
9781455773787
9780323139489
9780323529822
9780323096010
9780123820099
9781483288796
9780080527222
9780323528672
9780702050909
9780702037290
9788490228210
9780702032530
9780323524384
9781455744473
9781455773749
9781455773732
9780080570785
9780702048791
9780323075602
9780702050930
9781455757329
9781416069225
9780080580821
9780444599865
9780702059186
9780702052989
9781483288451
9780702032721
9780702033032
9780080535333
9780323462907
9780702068423
9780323227674
9781455751150
9780702059124
9780702054303
9781483288826
9780080533810
9780080537634
9780723437086
9780702058806
9780323341141
9780323341189
9780323569071
9780128092194
9780323445528
9780323443098
9781437723540
9781455758128
9780702037269
9780702065651
9780702054211
9780702054198
9780702059162
9780702037207
9781437723595
9781455757206
9781455744459
9781455743254
9780080571331
9781455745425
9781455775576
9780323356008
9780323447034
9780128118306
9780323459969
9781455776177
9780323326919
9781455745067
9781455773992
9781455773985
9780323264198
9781455709168
9781455743230
9780128054383
9781437713008
9781483286587
9781437711226
9781437711783
9780323290463
9780323263160
9780323583831
9780323243520
9781455703050
9780123859273
9780323263320
9780080458991
9781483288611
9780323391498
9781483161556
9780080580906
9780128045831
9780323287272
9780323188777
9780702055355
9780080454320
9781455758050
9781437709216
9780323477758
9780123914897
9781437710526
9781437708219
9780702052026
9780080535326
9781483106311
9780123809216
9780323070089
9780323071475
9780323168564
9780124157651
9780323545792
9781437707960
9780323241946
9780323266239
9781437708110
9781437701906
9780323266215
9780323479400
9780323388542
9781437716337
9780323249737
9780323087056
9780323243025
9780128129203
9780323569514
9780323569521
9781455757770
9781437702880
9781455709151
9780080526836
9781455700776
9780702049897
9780323414777
9780323326896
9780080454160
9780323186384
9781455743247
9780323138185
9781455758104
9781437719857
9780080525136
9780323312752
9780323312172
9781437701999
9781455757459
9780323357975
9780323357814
9780323442725
9780323442732
9780323484190
9780080568829
9780080527871
9780080580722
9780323297288
9780323138048
9780323168281
9780323065092
9780702065606
9780702054204
9780323138994
9780323443425
9780323443432
9781455757800
9781437714494
9780323510080
9781455709199
9780702035081
9780323414753
9781455700752
9781455700783
9780323310826
9780323352895
9780124095922
9780080481609
9780323389815
9780323389785
9780323510097
9780323228244
9780323101271
9780323172011
9780323171977
9780323242912
9781437723519
9780080529974
9780323290234
9781483289922
9780128498798
9780323323529
9781455712090
9780323391245
9780702054228
9780702065637
9781437701975
9780323242967
9781455747955
