9780444598035
9780080873008
9780444598233
9781483291659
9780080875774
9780444598714
9780444600424
9780444598813
9780444599742
9780444597335
9781483290669
9780444598264
9780444596345
9781483291451
9780444597823
9780444596758
9780444596994
9780444596369
9781856179812
9780128035610
9780080473239
9780080523910
9780080542881
9780080914893
9780080958996
9780080583983
9780080475035
9780080584027
9780444596161
9780128121948
9780128040607
9780128121931
9781483278063
9780323151245
9780323159081
9780323140942
9781483163055
9781483145952
9781483257310
9781483141695
9781483160740
9780323159463
9780323141765
9781483161082
9780128136287
9780080526300
9780123849557
9780444599919
9780444596673
9780444598943
9780444599803
9780080467405
9780128151402
9781483261188
9781483148601
9781483155852
9781483103365
9780128004425
9780323161657
9780128023358
9780323141109
9780323159722
9780323154994
9781483214986
9781483103389
9781845698591
9780444601094
9781483159799
9781483140827
9780080540771
9780857099259
9780080888163
9781483218519
9780123985040
9780080526065
9780080860206
9780080962887
9781483152219
9780080469782
9780080886886
9780080456171
9780080540252
9780080461021
9780080526058
9780323140119
9780444634870
9780123810083
9780080457147
9780080926643
9780080860237
9780080491660
9780080879925
9780080541013
9780080522524
9780444600998
9780080954653
9780080857701
9780080864457
9780080458212
9781483259307
9780080554648
9780080466873
9780080459325
9780080526027
9781845691189
9780080467894
9780080523422
9780323497831
9780080472379
9780128004418
9780444596451
9780080971735
9780128017265
9780080457581
9780080504858
9780080457970
9780080552064
9780080564111
9780080526614
9780080532165
9780123849670
9780080879987
9780080887579
9780080500133
9780080475950
9781483225920
9780080532769
9780080507194
9780080561530
9780444537874
9780080538280
9780857096401
9781483279114
9781483141589
9780080930336
9780080503486
9780080931623
9780080994154
9780080479743
9781483159560
9781483144993
9781483146553
9781483158068
9780444601148
9780323156677
9780080461113
9780080983394
9780080859361
9781483148533
9781483151755
9781483187051
9780323142229
9781483157672
9781483156484
9780128099315
9781483151809
9780080490076
9780323444903
9780323148863
9780323141314
9781483216805
9781483220765
9781483264691
9781483214733
9781483214764
9781483159911
9781483147512
9781483220543
9781483106243
9781483218670
9780128025918
9780857094902
9780080522227
9780323151719
9780080924397
9780080538921
9780080982335
9780080540108
9780080473253
9780080530031
9780080480398
9781455731534
9780080459455
9780444634481
9780080536682
9780080875866
9780080541860
9780080526126
9781483290300
9780080532677
9780080557625
9780080554686
9780080548814
9780080535746
9780080497525
9780080548678
9780323138161
9780128123980
9780080455242
9780080864372
9780080929514
9780444596055
9780080561387
9780080934716
9780323151436
9780323155953
9781483280578
9781483154923
9781483186924
9781483157511
9780323151672
9781483191775
9780323147897
9780323160063
9780323147767
9780323151979
9780323156165
9780080564685
9780080983943
9780444600356
9780444596222
9780080871004
9780080506838
9780080525341
9780123859112
9780123751133
9780080466408
9781483288239
9780123869937
9780444633057
9780080510590
9780444598318
9780080931203
9780080506623
9780128498828
9780080463919
9780080865102
9780080532349
9780080533865
9780128011720
9780124046399
9781483140186
9780323461498
9780123918895
9780080536774
9780128020180
9780128054352
9780080871110
9781483152875
9781483296906
9781483288918
9780080479736
9780080864631
9780080577739
9780123972972
9780080456140
9780080489933
9780123946157
9780080857688
9780323148054
9780323161886
9780128133187
9780444632647
9780080537276
9780080467924
9781483287546
9781483158051
9780080880020
9780080523750
9781483161198
9780080544076
9780080931661
9780080873039
9780128034460
9780123876966
9780444599209
9780080958606
9780128025208
9780323352888
9781483189369
9780080460369
9780080982694
9781483278643
9780323375221
9780080860190
9780080527550
9781483287539
9780323152051
9781483152431
9780323158299
9781483214771
9780323146432
9781483214993
9781483214887
9781483137858
9780323162555
9780444600394
9780123848741
9780323137881
9781483150765
9780323161893
9781483193939
9780128092552
9781483293264
9780444596802
9780080512907
9780323228633
9781483154145
9780444596215
9781483157566
9780444634962
9780128033371
9781483217932
9780123810229
9780080458557
9780080873084
9781483288857
9780080556307
9780080536637
9780080541914
9781782422631
9780080916897
9780444601919
9780080543215
9780080583969
9780080582580
9780080571591
9780323140744
9780128010990
9780080459073
9780081000601
9780080582221
9781483150055
9780128003107
9780323142946
9780323153485
9780123971852
9780080535708
9780323153706
9780857097743
9781455778577
9781455776764
9781437778328
9780080536675
9780080507910
9780080537252
9780323153805
9781483155906
9781483164014
9780080470788
9780080542928
9781437778748
9780857093493
9780080959870
9780080564760
9781483285375
9780080554365
9780080983622
9780857099334
9781483262802
9781483266268
9781483219783
9781483165615
9780323147255
9781483159782
9780080549262
9780080873015
9780080887715
9780080887371
9780444596901
9780444596253
9781483296128
9780444600264
9780444599858
9780128038550
9780123814005
9781483103235
9781483219219
9781483277950
9780323147521
9780123972927
9781855737006
9781483103280
9781483150062
9781483103181
9781483164670
9781483155395
9781483152080
9781483157399
9780857097828
9780080954691
9780123813381
9780128052273
9780080535876
9780123751775
9780080540962
9780080962856
9780080879970
9780080528557
9780080505404
9780080857671
9780080457055
9780123965424
9780080468303
9780080871035
9780080575834
9780080582528
9780444596482
9780444600547
9781437778823
9780128152560
9780128025451
9780444595492
9780444536228
9781845698768
9780444641588
9780080470160
9780857098832
9780080942520
9780080539751
9781483103198
9781483162447
9781483257334
9781483163819
9781483153049
9780080564869
9781483280424
9780323156769
9781483146119
9780080983837
9781483214320
9781483214757
9780080564692
9780080880082
9780444601988
9781483160917
9781483289793
9781483286518
9780444599087
9780080471112
9780080966663
9780323157513
9780323141529
9781483214719
9781483257099
9781483266404
9781483151182
9781483103297
9780323142434
9781483157658
9781483191867
9780128019153
9780323161916
9780080481371
9780080456249
9780080916323
9780080472737
9780080524689
9780080481036
9780444600653
9780080474991
9780080875767
9780080560502
9780815518358
9780444598837
9780080472911
9781483289656
9780080545028
9780080540269
9780323431774
9780080963136
9780080928715
9781483288901
9780080561394
9780080548234
9780080983660
9780323138451
9780323139922
9780080962894
9780123756947
9780444535917
9780080519180
9780080872230
9780080548579
9780080540467
9780080537177
9780128052129
9780081024386
9780444637796
9780080531731
9780444637802
9780080951416
9780123973078
9781483289762
9780444598592
9781483287799
9780080466767
9780080871059
9780080535425
9780815518778
9780323353038
9780080571492
9780323140829
9781483278025
9780323150248
9781483278018
9780323145848
9781483187327
9781483189376
9781483150208
9780444601377
9780080466453
9781483106182
9781483189888
9781483137049
9780444633064
9780444633071
9780444596352
9780444598301
9780444598844
9780080544878
9780080871011
9781483295497
9780323477215
9780444597236
9780080554907
9781483273624
9781483162805
9780128017517
9780857099662
9781483277967
9780323160315
9780323143585
9780128142165
9781483139821
9781483160580
9780080528953
9780080540733
9780080864563
9780128018002
9781782421290
9780080535463
9781483145631
9781483158709
9780323157612
9780080535067
9780080525259
9780080533643
9780080543482
9780080918488
9780815519683
9780080459745
9780080472287
9780444598288
9780080521954
9780080519845
9780128023365
9780128137215
9780080872780
9780123910646
9780080524016
9780080951515
9780080560335
9780124186651
9780124104792
9780080544373
9780124078543
9780080467993
9781483276762
9780444594501
9780080461069
9780444535344
9780323160247
9780080457529
9780815517757
9780080572086
9780080537238
9780444626950
9780080457895
9780444563330
9780080535890
9780857098757
9780080473079
9780080561448
9780080918129
9780080951379
9780080532172
9780080499512
9781483268309
9780323146616
9780323144933
9781483103334
9780323152594
9780128030028
9780323151825
9781483165042
9780128095034
9780080500980
9780128003022
9780128136645
9780128038529
9780323158329
9780080930855
9780123865144
9780444600332
9780444596680
9780080868264
9780444597373
9780444596642
9780444599896
9780444596918
9780080887388
9780080887531
9780444596925
9780444596543
9780080879710
9780444601100
9780323141635
9780323157551
9781483278032
9781483265315
9781483273983
9781483215631
9781483279480
9781483148694
9781483279688
9780323154208
9780323152013
9781483150260
9781483137919
9781483288932
9780444600196
9781483290010
9780080983639
9780080983585
9780080517377
9781455731282
9781483291598
9780444596796
9780815519744
9780080524788
9780857097712
9780080491783
9780444638809
9780080538075
9780080564807
9780444599759
9780080529677
9780080492186
9781483146775
9780123870339
9780080535531
9780080529325
9780080543734
9781483103150
9780080550480
9780080584065
9780080530734
9780080536347
9781483286990
9780444600189
9780080541006
9781483187334
9780444602008
9780080495767
9780080962900
9780815519195
9780323155359
9781483163895
9780323155199
9781483103396
9780080480565
9780815517634
9780080533353
9780323144414
9780323156158
9781483289588
9780323156783
9780080864570
9780857092175
9780444597779
9780323160919
9780444601056
9781483270982
9781483271071
9780323143851
9780080582573
9781483140629
9780080564678
9780128013212
9780080864532
9781437778311
9780444634849
9780080860213
9780080495057
9781483144511
9781483162515
9780323146371
9780080983653
9780080525914
9780080532295
9780080519760
9780128003077
9780444601001
9780080577760
9780123743961
9780444598752
9781437735215
9780444597304
9781483291536
9780444597854
9780323155571
9781483218687
9781483279831
9780323154826
9780323146951
9781483278407
9781483295237
9780323150774
9780080561455
9780323142021
9780080880273
9780323150682
9780080548883
9780444597762
9780444598745
9780444600479
9780080583952
9780080860244
9781455728015
9780080529820
9781483291109
9780080455563
9780323139090
9780080463582
9780080462936
9780123865083
9780080923932
9780080464039
9780080470818
9780080474762
9780080919270
9781483282244
9781483152028
9781483159102
9781483182773
9780080962917
9780080455204
9780080864648
9780815520245
9780323146753
9780080518237
9781483138312
9781483146126
9780080542973
9781483140698
9781483188836
9781483273112
9780323162319
9781483164878
9780323145909
9780323144384
9781483153766
9780323155786
9780323154802
9780323160148
9780080559667
9780080524177
9780081010723
9780123965370
9780128155448
9780815519775
9780323374996
9780444596772
9780444598806
9780080871028
9781483219882
9781483154015
9781483265940
9781483293677
9781483292946
9780080962832
9780323139854
9780080569949
9780080994130
9780444598707
9780080493268
9780323157674
9781483215648
9780123821010
9780080887128
9780323149402
9780323160766
9780080493251
9781483214665
9780323160384
9781483215006
9780080496573
9781483137292
9780857098504
9781483218243
9781483273150
9780444601803
9781483140834
9781483285368
9780080865225
9780080467986
9780080466729
9780123785657
9780323354080
9780080860152
9780080564838
9780080525365
9780080541051
9780323150439
9780080963563
9780080582610
9780080503509
9780080473642
9780080504865
9780080879819
9780323137782
9781483191669
9780444597595
9780080458588
9780080516585
9780080554655
9780123910677
9780080925134
9780128004500
9781782423478
9781908818782
9780080503462
9780444595232
9780080887852
9780080461243
9780080558158
9781483141800
9780080530710
9780080513799
9780128037485
9780080879314
9781483190754
9780128039939
9780080540191
9780323148801
9781483154596
9780123877789
9780323157469
9780080968148
9780080932279
9781483214672
9781483288260
9780323138413
9781483280325
9781483103167
9780080506906
9780080531809
9781483187280
9780323160254
9781483164151
9780080582597
9780123813589
9780128020531
9780128034484
9780080925233
9780323147637
9780323148948
9780444632777
9780815518426
9780080570495
9780080542911
9780323157971
9780080926278
9780080886893
9780080561417
9781782422242
9781483191003
9781483154602
9781483154978
9781483148779
9781483154312
9781455731602
9780444633187
9780128017081
9780128043370
9780080530567
9780080488127
9781483216249
9780128136669
9780124080713
9780444627452
9780815517719
9780080471778
9780080582603
9780080879758
9780080527420
9780128008089
9780080459431
9780080465838
9780123846570
9780080492711
9780080492124
9780080558172
9780080511016
9780080560472
9780080455686
9780080552880
9780080569642
9780128034149
9780080480541
9780080541068
9780128048368
9780128138977
9780323159487
9780323156127
9780323152105
9781483278056
9781483258829
9780323160667
9781483165226
9781483147529
9781483190914
9781483190846
9781483156408
9780323160438
9780080879765
9780080879963
9781483288925
9780080984698
9781483290416
9780444597410
9780444596147
9780080984599
9781483289786
9780123849571
9781782422358
9780080513621
9780123819628
9780080479750
9780080932958
9780444598226
9780080959795
9781483291642
9780444599766
9780444596895
9780444596581
9780444599346
9780444596567
9781483285511
9781455730056
9780323159456
9780323160902
9780444641625
9780323160933
9781483276441
9780323155564
9780128137116
9780857094698
9780857091420
9781483145921
9781483141343
9781483188669
9780323147774
9781483160788
9781483214870
9781483137797
9780323145831
9780323151269
9780128035016
9780080924458
9780323312721
9780080539171
9781782424871
9780080463902
9780128037850
9780815517894
9780080462547
9780080463148
9781437734843
9780080557687
9780444596888
9780080984636
9780080551289
9780080537696
9780080526072
9780080860183
9780323139151
9780080510095
9780080464947
9780323138031
9780080533827
9780080865201
9780080512372
9781483289878
9780444543172
9780123808776
9780444596130
9780080543314
9780080879734
9780080495842
9780080575438
9780128034019
9780323431781
9780080550596
9780080963907
9780080957180
9780080871073
9780080564845
9781483289298
9781483287881
9780080542867
9780080531762
9780080541150
9780080533759
9780128135891
9781455731909
9780815519829
9781483216812
9781483257327
9780323145312
9780323158978
9781483217673
9781483215747
9781483187754
9780323151818
9781483214245
9781483187068
9781483190273
9781483156071
9781483155302
9781483155739
9781483153483
9780323155557
9781483288062
9780080505800
9780080568768
9780080912271
9780128134054
9780444598165
9781483295411
9780444600127
9780444598691
9780444600660
9780444597793
9781483290515
9780123809018
9780080962597
9781483257709
9781483276717
9781483215563
9781483265292
9781483145839
9780323144193
9781483159331
9780124104686
9780323150859
9780323144148
9781483214108
9780128012741
9780080559124
9781483291475
9780323158916
9780323150392
9780080544083
9780080865133
9780323161336
9780080545288
9780080561547
9780080964171
9780080865188
9780080513188
9780080551913
9780080516103
9781483288284
9781483184258
9780128017586
9780080564784
9780080554525
9780123947871
9780080534039
9780080530611
9780080538907
9780080479231
9780123864789
9780080564982
9780080502458
9780080480015
9781437778786
9780080538310
9780080517131
9780128136683
9780080864495
9780080564128
9780124166103
9780080492377
9781483106212
9780323162357
9781483148816
9780323153591
9781483139005
9781483219059
9781483154817
9780444599155
9780080542751
9780080466651
9780323393140
9780080984759
9781483296517
9780080472546
9780080525266
9780080984773
9780080554679
9780080875927
9780128120002
9780128013311
9780080541433
9780323497817
9780080964126
9780444601216
9780444638755
9781483293196
9780081023419
9780080456089
9780444633828
9780080534176
9780323265041
9781483153698
9781483140735
9781483257754
9780080875798
9780444536334
9781483278971
9780323159814
9780080573038
9780080542102
9780444535290
9780323160681
9781483106229
9780080547213
9780323148368
9781483214726
9781483215662
9780080546131
9780323161626
9780080467375
9781483215013
9780323139458
9780444601124
9780080540085
9780323150521
9780123751799
9780080875750
9780123965448
9781437778649
9780080539102
9780323146517
9780080874999
9780323149242
9780080965147
9780128020937
9780080478302
9780080527413
9780815518402
9780080532370
9780080964225
9780080984162
9781483289816
9780080564746
9780123808790
9781483275154
9780080544779
9781483137490
9780815518990
9781483153933
9780123850317
9781483153469
9780080531403
9781483149639
9780080864556
9780123744135
9780080922171
9780323141284
9781483191072
9780080929989
9780080503479
9780123972897
9781483218274
9780080915043
9781483285887
9780080864396
9780080540955
9781483148595
9780080532035
9781483141657
9781483140537
9781483151656
9781483145273
9780815518945
9780080920320
9781437744620
9780128135150
9780080931142
9780080527895
9780080479972
9780080504643
9781483257341
9780323150408
9781483160504
9781483157191
9781483187198
9781483151533
9781483145822
9781483160306
9780128047583
9780815519270
9780123859785
9780128137178
9780080873022
9781782420361
9780444599933
9780323158442
9780080530055
9780080538914
9781483218212
9781483103204
9781483103266
9781483146171
9780080564098
9780323145756
9781483287805
9780444641601
9780123808998
9780080577623
9780080533483
9780080513201
9780323139106
9780444538055
9781483290638
9780128117286
9781483294551
9780080458250
9781483290621
9780080564104
9780124169944
9781483191478
9781483155418
9780080921549
9781483290768
9780123918598
9780323353816
9780080561493
9780815519782
9780080539515
9780128130032
9780080475363
9780080470627
9780080556857
9781483146058
9781483192598
9781483266015
9780323143035
9781483220291
9780444598417
9780080962351
9781483257136
9781483290331
9781483154657
9781483268347
9780323156929
9781483157863
9780444538451
9780080541662
9781483140681
9781483103242
9781483190631
9780080540009
9781483162300
9780323146630
9781483191768
9781483280202
9780444638526
9781483189765
9781483280783
9780323156363
9780323527347
9781483188409
9780124202146
9780323148542
9781483141183
9780080536019
9780080920436
9781483162140
9780080871080
9780128124451
9780080932576
9780080548586
9780080471358
9780123851888
9780080466835
9780444599162
9780080525754
9780323461504
9781483297835
9780080559704
9781483293868
9781856179027
9780080527710
9780444598721
9780444600639
9780444600165
9780323290593
9781483141114
9780080538068
9780080511979
9780323389297
9781483103327
9781483186672
9780323161770
9780323152495
9780444600813
9780080465067
9780323138567
9780080865195
9780080467931
9781455731152
9780081009420
9780080525433
9780080865119
9780080564722
9780080534985
9781483289397
9780815519904
9780080585130
9780080577302
9780128003015
9780080560236
9780080519852
9780128136928
9780128136881
9780080919454
9780323149167
9780123855091
9780080502298
9780323155977
9780123983855
9781455731862
9780323354066
9780128025215
9780444626547
9780323139632
9780080542829
9780124201101
9780857093837
9780080550022
9781483257082
9781483277820
9781483270258
9781483262703
9780323158688
9781483215587
9780323154925
9781483160207
9781483159867
9781483180441
9780444601957
9780323151955
9781483103228
9781483163345
9780323162425
9780323139939
9781483290157
9780444597748
9781483291000
9780080962429
9780128052440
9780123972941
9780323149846
9780323154611
9781483277165
9780323159333
9780323154642
9780857096395
9781483152264
9781483220420
9781483157795
9781483218496
9781483145464
9781483150598
9781483159720
9781483159270
9781483153919
9781483136868
9781483141138
9781483151298
9780080529165
9780128019580
9781483218694
9781483191881
9780444601421
9780128104248
9780080581309
9780080888569
9781483288406
9780080561486
9780080467610
9780124078611
9780323429764
9780444543035
9780080461885
9780444600578
9780080550435
9780080465074
9780080505381
9780080931463
9780080550602
9780080466668
9780128162279
9780444598387
9780080930466
9780080539997
9780080864310
9780080561400
9780080564852
9780080533339
9780080539560
9780080879956
9781483288673
9780080538099
9780444641182
9780080538952
9780128037041
9780080556048
9780080880372
9780128098363
9780080570464
9780080533971
9780080540924
9781483283623
9780444597199
9780080539973
9780444594570
9780080528090
9780080930428
9780123973344
9780080870991
9780080534374
9780080454924
9780080533216
9780323157490
9780323161671
9781483278070
9781483281711
9781483259345
9781483265391
9780323158985
9780323145787
9781483158273
9781483103303
9781483282862
9781483275642
9780323154451
9780080457536
9781483138695
9781483145266
9781483152134
9780080880037
9780080560434
9780080530116
9780080875859
9780080873053
9780123821621
9781483106250
9780323145527
9781483190105
9780323142038
9781483190013
9780323154376
9781483103211
9781483156699
9780323161169
9781483272030
9780323151108
9780123914637
9781483295954
9781483192574
9781483289533
9780128025192
9780080533346
9780323161084
9781483160856
9780080864525
9780080515571
9780080924267
9780323156264
9780124071599
9780080582535
9780123964663
9780080541037
9781483273211
9780080865232
9780080480312
9780080542959
9780080962863
9780080926223
9780080544946
9780444596659
9780080875934
9781483291734
9780080544656
9781483290485
9781483291611
9780080887463
9780444600103
9781455731855
9780444637932
9780080541716
9781483218816
9780080511375
9781483163901
9780128137192
9780444596079
9780128121849
9780081012369
9780444639288
9780080523361
9780080508177
9780080916705
9780080873060
9780080549712
9780128104002
9781483288369
9780080532905
9780128136621
9781483294476
9780323148757
9780323146654
9781483190495
9780323140003
9781483142067
9781782423195
9780815519867
9781483187150
9780857098665
9780080507040
9781483270999
9781483138626
9780815520320
9780444600745
9781483296036
9781455777495
9780080516967
9780128014714
9780323139823
9781483219790
9780323152136
9780444600172
9780080879918
9781483273587
9781483278049
9781483215655
9780444600271
9780080564814
9780080539935
9780080564715
9780128155196
9780080564708
9781437778243
9780444633309
9780080468099
9780444598394
9780080875712
9780080571737
9780080533742
9780080496580
9780080864327
9780080506586
9780080461861
9780124158863
9780444538758
9781483159812
9780444637475
9780080537429
9780444596741
9780080533537
9780323139069
9780080481692
9780080457642
9780444596093
9780123847126
9780080529592
9780080559735
9781483160092
9780323155823
9781455731916
9780080860220
9780323146005
9780080560526
9780323156950
9781483280509
9780323151351
9780124058590
9781483159676
9781483275482
9780080984742
9780128010686
9780080577746
9780080962436
9780323141185
9781483226309
9780080880013
9780323160094
9781483290997
9780080571041
9780080924434
9781483292878
9780444600318
9780444601087
9780128007990
9781483144931
9780080982779
9780081012444
9781455731299
9780857096685
9781483187396
9780080536385
9781483183930
9780128032299
9781483145310
9780323139311
9780080962368
9780080918143
9780128136706
9780128097939
9781483275178
9781483183916
9780080536859
9781483158280
9781483156613
9780323142359
9780080541044
9780080540115
9780128092309
9780080533834
9780080498553
9780128052266
9781483290959
9780080583938
9780080962412
9780080568805
9781782424680
9780323162845
9780444596208
9780323148122
9781483191034
9780080871066
9780323140423
9780444600929
9780444599728
9780444600530
9780444600820
9780444597830
9780815517474
9780123810304
9780323157254
9781483226507
9780323150095
9780323150941
9781483214863
9780080467399
9781483268262
9781483161044
9781845698638
9781483135526
9781483157887
9780323147804
9781483141909
9781483163581
9780080548760
9780080465487
9780124115590
9781483137216
9780080560687
9780444637055
9780080569161
9780080526522
9780080461724
9780080471327
9780323138321
9780080559698
9780080542171
9780080471259
9781483293165
9780128093078
9780323150354
9780323159050
9780080570693
9780815517641
9780128112472
9781483144665
9780444599179
9781437778601
9780080865157
9780080474687
9780444599353
9780080457178
9781483191782
9780080470122
9780080865140
9781483191645
9780080551876
9780123854926
9780444640208
9780080865164
9780128024829
9780080538778
9780128052310
9780128121375
9780080528861
9780128132999
9780080534442
9780081017487
9780323153157
9781483140582
9781483162201
9781483106236
9781483152158
9781483187228
9780323152372
9781483191041
9781483146478
9781483189857
9780080864419
9780080962870
9780444598400
9780080930183
9780080526607
9780080564142
9780080914589
9780323137898
9780080455594
9780080513195
9780080963402
9780080561516
9780080983684
9780080538754
9780080864389
9780080561431
9780128052280
9780080879802
9780080877310
9781483291161
9780080498300
9780123979391
9780080932286
9780080466804
9780080474946
9780444626660
9780080480930
9780080561462
9780080479606
9780080878058
9781483294100
9781483269887
9781483278988
9781483215570
9780323155519
9781483214139
9781483188423
9780444537065
9780323144964
9781483157535
9780323151993
9780128093399
9780128028681
9780323145572
9780080920627
9780080932163
9780080949277
9780080537245
9780080456959
9780080543277
9780124081109
9780080555935
9780080463742
9780080537221
9780128016442
9781483144740
9780323143011
9780323157865
9781483148922
9780123820990
9780080577647
9780080933535
9780128008287
9780080930619
9780080877808
9780080573137
9780080474984
9780323141444
9780323157599
9780323144308
9780323157773
9781483257181
9781483257143
9781483276670
9781483103273
9780323161435
9781483186764
9781483159188
9781483157832
9780323149228
9780080887623
9780080879741
9780323140249
9780080564739
9780444596086
9780444599674
9780444598332
9780080564821
9781483298559
9780080457543
9781437734669
9780128128893
9780080523897
9780080455075
9780080875781
9781483287188
9780128039854
9780128030615
9780080984278
9780080867748
9780444598738
9780444596857
9780444596697
9780444600738
9780444597205
9780080880211
9780815519737
9780323461481
9780323151115
9780323161923
9781483213934
9781483275017
9781483219875
9781483163734
9781483181455
9780323158107
9781483158075
9781483260532
9781483275475
9781483215679
9780323160131
9781483165165
9781483278544
9780323150088
9781483152042
9781483163673
9780323149884
9781483106175
9781483150574
9780080525129
9780128105139
9781483103358
9780080879949
9780080540788
9780444600523
9780123914385
9780815516323
9780444626394
9780080875743
9781437778847
9780080489469
9780815518365
9780080460192
9780815519225
9780080932583
9781437778861
9781483290423
9780815518976
9780080545103
9780080555775
9780080931944
9780815519874
9780080518046
9780080537603
9780080555973
9780080530390
9780080505213
9780080542904
9780080529783
9780080581682
9780080926506
9780080860176
9780080523330
9780080984063
9780080510613
9780080559711
9780080541556
9780080912028
9780080533445
9780128121962
9780444636874
9780080542126
9780128136300
9780323264501
