9780080577883
9780080860770
9780080920504
9780080858944
9788131244227
9780124159754
9780128019016
9780080919294
9780128027561
9780323547215
9780323496070
9780323395410
9781455753888
9780323530125
9780323595643
9780323595667
9781455738014
9780323378314
9780128016749
9780080497310
9780323546713
9780323548533
9780323524360
9780323509718
9780323548243
9781455742134
9788491131915
9780323359702
9780323530064
9781455772285
9780323320306
9780323442947
9780323569811
9780323089715
9781455772223
9780323496827
9780128043820
9780080491608
9780702048630
9781455744046
9780128052372
9780323548304
9780128124048
9780323391207
9780323445245
9780128122006
9780080859576
9780080888712
9780080857237
9780323529594
9788491133438
9780080492155
9780323296373
9780323548571
9780080583365
9780080493534
9780323551410
9780080586595
9781437736236
9780080461922
9780323137805
9780080586533
9780080475035
9780080586250
9780323417112
9780323089678
9788445821572
9780323524322
9780323087537
9780323532624
9780323446198
9780323413572
9780323296953
9780323311816
9781455750580
9780323569873
9780323546652
9780323087391
9780323524162
9780323354578
9780323552974
9780323462853
9780323462839
9780323089753
9780323266611
9780323313285
9780080527468
9780323393454
9780323089661
9780323448604
9780080535852
9781455750573
9781455771837
9780323354615
9780080527307
9780080568195
9788490225431
9781455700455
9780080863467
9788131234815
9781455700615
9780123972309
9788490229972
9788131244289
9781455738090
9780323496063
9780323569644
9780080574554
9780123877574
9781437735680
9780323086608
9780323279550
9781455733934
9781455758401
9781455700424
9780729581462
9780323596626
9780323596640
9781455700851
9780323315647
9780323531641
9780723439011
9781437710953
9780444599940
9780323511834
9780729584999
9780729584975
9780323611480
9780323508773
9780323547864
9780123884312
9780702071645
9780702068515
9780240821306
9780123814838
9781455728909
9780323279062
9788490229675
9780323172851
9781455726752
9780323553278
9780323482028
9780323481991
9780702055010
9781455726561
9780323443128
9780702063169
9780702062971
9780323139717
9780323391863
9780323391900
9780323524148
9780702070419
9780702074028
9780702067594
9781483220598
9780323313087
9780323428422
9780720676174
9781455740376
9780323341097
9780128098936
9780080555959
9780702070266
9788490227732
9781483192000
9788445820926
9780128016848
9780128011263
9780124115170
9780729580892
9788490224366
9780128031032
9780080524511
9781780633626
9781455709267
9780080888163
9780080515298
9780128024799
9788131236895
9780080961590
9780128124703
9780128012727
9780080495552
9780080912257
9780123948380
9780124115415
9780729579124
9780080581330
9780080585680
9780080578248
9780080859255
9780080856902
9780123812896
9780323138543
9780080551951
9780080562209
9780080524528
9780080984094
9780080491615
9780080522524
9780080525815
9780124200944
9780124079465
9781455712588
9780128024317
9780123946065
9780124105447
9780123946447
9780128041581
9780124167469
9780128125939
9780123977519
9780123918727
9780702050794
9780080526089
9780128034903
9780128024768
9781908818645
9780080522845
9780080552118
9780080527451
9780444598196
9780080866499
9780123848796
9780080544557
9780128010525
9781455709120
9781455700387
9781455709250
9788491131052
9780080494364
9780128023310
9780128122525
9780080920511
9780080556949
9780080468891
9780080455396
9781483288604
9780080984322
9780080532417
9780080585666
9780080526621
9780123812971
9780123812995
9780080490885
9780080521510
9780080586519
9780080585659
9780080536439
9780080956961
9781483277417
9781483296760
9780080962603
9780080585819
9780080537542
9780080857121
9780080585963
9780080467665
9780080490199
9781483277592
9781483267494
9780080536408
9780080859019
9780080578286
9780123812858
9780080863368
9781455747092
9780323530309
9780323530149
9780323393393
9788491135005
9780323389051
9780080542447
9780323297080
9780080920443
9780323402675
9780323448772
9780128029527
9781483161181
9781455743216
9780323326148
9780323370745
9780323416894
9780123751089
9780729592000
9780729580939
9780323299411
9780323186360
9781455772155
9780323442091
9780323264136
9780323448703
9780323393355
9780323326735
9780128054345
9780128020098
9781455743193
9780323532389
9780080464480
9781455744077
9780323265270
9780323392204
9780080538488
9781455744176
9780323264150
9780080921969
9780323528573
9780323264969
9780323546898
9780080529646
9780123860040
9781455747825
9781455771622
9780323188654
9780128047262
9788131232460
9781483162812
9788490223956
9781455712410
9780128034910
9780128145753
9780080527727
9780080560939
9780080522494
9780080459523
9780080490380
9780702045394
9780080859361
9788131252949
9788490223970
9780323463096
9780323323703
9780323528436
9780128134399
9780080536743
9781455772117
9780323264846
9781455742653
9780323545594
9780323549066
9780323463119
9780128128312
9781455743018
9780128092286
9780702066122
9780323447041
9780323081801
9780323443340
9781455727001
9780323086660
9780323496438
9780323375320
9780323400404
9780702071966
9780323636117
9780323548175
9780323461276
9780702074257
9781455703074
9780323286350
9780323315968
9780702054044
9780702071980
9780702073342
9780702075162
9780702071904
9780702071935
9780323392211
9780323527682
9780323482097
9780702055379
9780323461368
9780702066993
9780702069635
9780323388696
9781455748617
9780124104273
9780323400411
9780323352178
9780323352369
9780323259989
9781455700929
9780323553247
9780323553223
9780323359085
9780323508940
9780323508902
9780323321266
9780323388528
9780323568777
9780323375436
9780080526096
9780080545967
9780080857114
9780857097224
9788131247839
9781483280677
9788490224052
9781483162454
9780128003374
9780323477956
9788491130239
9780323289986
9780080586663
9788490228920
9780128039465
9780080585970
9780080586601
9780128142240
9780080544052
9788490226667
9780124165908
9780080497198
9780123984821
9780323137744
9780124055490
9780128027554
9780080568256
9780080586489
9780128009932
9780080464671
9780323496568
9780080474663
9780080460468
9780128094570
9781455712373
9780123948182
9780128115336
9780080464657
9780080884356
9781455709519
9780080553481
9780123964809
9780080468976
9780128155226
9780128112274
9780128032534
9780080496832
9780080584607
9780128114704
9780080586779
9780080585918
9780080578262
9780080585796
9780080856896
9780080496764
9780080496672
9780080524955
9780080524566
9780080526454
9780080564579
9780080911953
9780080493374
9780128021958
9780080569499
9780080911946
9780080921648
9780080544588
9780080531502
9781455747085
9780080859033
9780323354646
9780128157374
9780080531267
9780323581196
9780123820808
9780080860909
9780081021088
9780323532501
9780081017586
9780323296915
9780323391146
9780128137758
9788445826201
9781483274553
9781483282152
9781483162829
9788445826225
9788490227756
9780080454245
9780080984520
9780080859477
9780080562308
9780080524856
9780702048784
9780080522838
9780323509442
9780323547178
9780080923635
9780124058583
9788490226629
9788490226919
9788490224267
9788491131885
9780128011546
9781455700523
9780080454757
9780123815361
9788491131670
9788491131946
9780080557243
9781455728473
9780123982520
9788490229682
9781455737598
9788491134671
9788490229835
9780702038693
9780323313261
9780323530903
9780323527651
9780323548052
9780323315661
9781437737721
9780723436652
9780323081122
9780323358460
9781455726622
9780323581233
9780323568470
9780323081313
9780323596220
9780323596206
9780323523721
9780323547123
9788445820858
9780080866475
9780123815347
9780080544274
9780081018972
9780128019740
9780080526515
9780080984414
9780080536828
9780323545518
9780323341929
9780080472997
9780323444590
9780080530307
9788491131304
9780323186353
9780080526423
9780080557144
9781455744060
9781455744008
9780323359931
9780323326711
9780080863375
9780080877136
9780124079342
9780081020340
9780323417761
9780128125670
9781455747221
9780323416603
9781455711994
9780323326391
9788131242551
9780729585613
9780729585590
9788490229040
9780080568720
9780080586021
9780323446310
9780128156506
9780080578187
9780080876788
9780444637178
9788491133339
9780323161534
9788131252963
9781483287201
9780323496629
9780080536446
9780080475165
9781455773022
9780080463506
9780323264884
9780323448642
9780323448680
9780323390972
9780323581493
9781455773848
9780323444668
9781455700646
9781780633138
9780323552691
9780323393379
9780128020180
9780323510011
9780128054352
9781455700202
9781455747719
9780080541891
9780080526386
9781483268156
9780123785909
9780080538006
9780128123294
9780323261074
9780323463201
9780323186278
9780123814524
9780080860848
9780128093665
9780323481724
9780128036471
9781455700158
9780702050572
9781455712427
9780080522517
9780080522586
9788131245019
9780124078079
9780124115149
9780123947918
9780080571324
9788490229576
9788490228890
9780323140461
9780081010150
9780323524070
9781483288215
9781483259468
9788131243718
9780080562254
9780323581479
9780323477031
9780080464824
9788490227022
9781455747634
9780323390996
9780128143452
9780128105030
9780128037157
9780128043806
9780323376082
9780080489070
9781483216355
9780128153840
9780080858623
9788131244838
9781455733972
9780080496665
9780702055195
9780080532707
9780323087490
9788490228302
9780128155288
9788131250259
9780128152416
9780323341912
9780128132623
9780128051146
9780128034873
9780080951225
9780080552163
9780080527659
9780123854940
9780080548326
9780080532646
9781455709304
9780081007587
9780080479392
9780123813503
9780323548984
9780323188470
9780123884213
9780080877204
9780123838636
9780323311779
9781455700301
9780323263931
9780080921013
9780323266079
9781483273433
9781908818393
9780080578279
9780323611961
9780702050725
9780323595711
9780323595698
9780124072039
9781455700271
9780323227285
9781455773176
9780080467238
9780081012383
9780080491912
9780080584614
9780323570015
9780323583633
9780128126769
9780323511872
9780080877389
9788490228203
9788491132356
9780323391283
9783437296796
9780080562384
9780080496597
9780080586847
9780123849328
9780128097199
9780323448406
9780323497190
9780729585644
9780729585620
9780123785626
9780080888774
9781455747689
9780323328999
9780323531573
9780323172875
9788490226674
9780323356138
9780702072901
9780323444989
9780729578837
9780729584944
9780323548113
9780323568401
9780323655507
9780702033537
9781455737956
9780323172868
9780128098035
9781455742783
9780323554411
9780323459884
9780323290197
9780323391085
9788490228173
9780323444682
9780123914590
9780323081627
9780323510592
9780323328050
9780323548458
9780080528786
9781483220581
9780080538709
9780702048234
9780080856933
9780080524665
9780080956954
9780080497037
9780080489216
9788131247860
9780080468983
9780080886909
9780080490311
9780323376006
9780080536118
9780080925431
9780080496641
9780323296731
9780857099167
9788491130376
9780080562315
9780123877031
9780323508711
9780323598248
9780702055393
9780323370394
9781483193311
9780124166110
9780080542522
9781437736229
9780128040799
9780080582221
9788490229392
9780080959276
9781455712564
9788490224618
9781455711987
9781455744152
9780128053638
9780080525976
9780080562216
9780128030806
9780128003640
9780323429184
9780323528351
9780080536378
9780080475806
9780080536873
9780080495927
9780081000885
9780323388870
9780081005897
9788491131939
9780128122747
9781455742875
9780323642439
9780080458328
9780444634498
9780080878041
9780080921280
9780080469409
9780323497398
9781455772957
9780080921297
9780080960951
9780323553452
9780323266598
9780080919041
9780323390910
9781455771899
9781455744022
9781455700257
9788490227626
9780123860422
9780729586603
9780729586597
9780323545655
9781455700530
9781455747450
9780323548861
9780323354660
9780323320290
9780123984906
9780323459785
9780080495620
9780081024126
9780323356749
9780080522487
9781455747207
9780323277358
9780080569109
9780323463188
9780128040959
9781455744367
9780323463263
9781455709373
9780323413336
9780323320412
9780323261210
9780128127957
9780323554268
9780702050756
9780080857206
9780080585932
9780702048005
9780080917641
9780080859415
9780080544045
9780080918327
9780080493633
9788131252888
9781455700578
9780702049224
9780080549866
9781455737420
9780729586252
9780729586269
9780323548267
9781455742387
9780323547901
9780323443258
9780323070812
9788131242377
9780323085724
9788131242544
9780080919584
9780080920559
9780080488363
9781437737820
9780323533560
9780323442770
9780080860824
9780123965363
9781455725236
9780702067433
9780702066894
9780323295345
9780128032688
9780323395113
9780323395090
9780323595797
9780323595810
9780323313353
9780323313315
9780323583312
9781455745944
9780323353564
9780702066306
9780702070433
9780702073304
9780702068430
9780702054884
9780702062445
9780323392068
9780323392044
9780323523400
9780323523356
9781483269504
9781483215938
9788131236833
9780128143629
9780128028704
9781483257471
9788131249550
9788491132578
9780128122211
9780123812551
9788490229408
9788491130888
9780080921778
9788445825228
9780080456256
9781455712571
9780123972293
9780128120170
9780123822123
9780080549064
9780080526508
9780080584621
9780080562391
9780128122815
9780080492438
9780080562056
9780080857183
9780080488639
9780080586786
9780080857244
9788491131090
9780080463353
9780128151303
9780080459318
9780080578088
9780080562186
9781483289380
9780080562407
9780080962825
9788491131908
9780127999166
9780127999203
9780080528793
9780080551623
9781455710621
9780080496795
9780080518794
9780128115145
9780080920979
9780080536781
9780128003732
9780080920917
9780080471020
9780080544533
9780080541143
9780080463568
9780128098226
9780444596482
9780080859491
9780123850669
9780080585192
9780323341950
9780080562476
9780080583389
9780323546850
9780080877600
9780080569505
9780323610513
9781455775934
9780323242189
9781455747726
9781455773565
9780128092538
9780080571119
9781455700318
9780323227216
9780323463409
9781455728213
9780128025925
9780080535548
9780323359573
9780080492285
9781455771851
9780080539584
9780323388856
9780323462761
9780323354684
9780128151969
9788491131649
9781455771790
9780128097946
9780323266772
9780080528199
9780323227131
9780080497112
9780323400770
9780080921501
9780323477048
9780124200722
9780323261098
9780080495651
9780128029886
9781455747849
9780323326254
9780080538259
9780323326087
9780080877075
9780323393478
9781455747139
9780323089685
9780444535450
9780323496728
9780323581592
9780323531436
9780323242349
9780323477093
9780128144169
9780080497068
9780323581530
9780323356046
9781455773077
9788480865234
9788490228166
9788445821541
9780080561950
9780080586403
9780080522593
9780080522401
9780080562292
9780323497336
9780702036255
9780323530286
9780323448673
9780080536071
9780702074189
9780323570626
9780323528122
9780323528115
9780323598170
9780323598194
9780323357074
9780323447980
9780323497077
9780323553490
9780702063107
9780323567145
9780323567121
9780702063428
9780702074462
9780702080609
9780702070396
9780323442237
9780323508759
9780702053061
9780702051128
9780323375252
9780323375238
9780323568340
9781455742219
9780323511896
9780323527378
9780323550789
9780323550802
9781455726875
9780323581301
9780323220903
9781437736502
9780323263610
9780323531740
9780323611909
9780323341554
9780323263740
9780323462105
9780323462082
9780702069918
9780729582582
9780323081269
9780702074073
9780323186513
9780323297905
9788490228340
9780128123423
9780128123409
9780323138086
9788491130093
9788490220917
9780124171398
9788490224892
9780128013618
9780128026915
9780323482752
9780080857220
9780080534527
9780080585871
9780080456249
9781455700448
9780080489162
9780124078468
9780128026397
9780080463414
9780080525785
9780123865106
9780124055353
9780123918710
9780123948397
9780080877396
9780124078369
9780080495569
9780123946386
9780080860800
9780123865045
9780128097847
9780080528731
9780080468952
9788131246702
9780124072114
9780080495583
9780080879253
9780128139806
9780080522333
9788131253021
9780128123874
9780080507965
9780080586526
9780080586267
9788491131953
9780080856995
9780080859590
9780080531137
9780080866505
9780080497860
9780080585123
9780080479774
9780080578125
9780080568249
9780080496801
9780080578378
9780123810045
9780080524382
9780080583433
9780080585376
9781483284880
9780080522432
9780080538549
9780323138857
9780123851215
9780323569934
9780080489193
9780323581653
9780080586137
9780080465890
9780128029763
9780080526348
9780323477079
9780323323888
9780080911991
9781455758722
9780080919065
9780323442251
9780080926605
9780323375450
9780323356770
9780128052242
9780323290005
9780128020173
9781455771820
9788491133285
9780323496551
9780080542430
9780323581615
9788491132332
9780080522531
9781455771608
9780080888330
9780444636560
9780080932347
9780080497136
9780080586281
9780080490236
9780323139397
9780080586465
9780080546186
9781455773664
9780080859132
9780080586243
9780080456553
9780128155240
9780080522647
9780080859101
9780080859163
9780323266796
9780080463513
9780323359894
9780323531399
9780323531313
9780323496766
9780323462747
9780323554756
9780080564562
9781455748471
9780323400954
9781455771783
9780323462778
9780323311861
9780080493473
9781455747238
9780323356879
9781455771493
9781455754250
9780323326698
9780323299480
9780080534534
9780323297042
9780323531412
9780081023556
9781483262123
9781483193519
9780080859187
9781483219608
9780080859392
9780080856971
9781483219622
9781483136592
9788131254127
9788491132011
9788131238721
9780323529617
9780323442954
9780323286251
9780323244664
9780323530002
9781437737769
9781455723584
9781437737851
9781455728435
9780323377270
9780323394048
9780323550857
9780080539539
9780123821683
9780323392150
9788490224878
9780323296397
9780323296359
9780323353885
9780080527932
9780323442961
9780080858937
9780323400428
9780323555937
9780323611886
9788490226599
9780323554794
9780323554770
9780702068140
9780702068096
9780323527569
9780702052484
9781483216348
9780323315777
9780323496018
9788490228326
9780702069130
9780123814234
9788445821732
9788490226841
9780128004968
9780123983190
9780124202009
9780123947895
9780128143605
9780080495637
9780080584645
9780128155202
9780128001035
9780080466699
9780123983695
9781437736304
9780128016190
9780080494401
9780080531779
9780080495576
9780080583396
9780128025871
9780123850720
9780323551373
9780080583402
9780080475882
9780080586168
9780080571720
9780080856872
9780080984346
9780080496757
9780080496603
9780124201095
9781483296494
9780081002971
9780080877105
9780080475103
9780080457789
9780080495682
9780128033685
9780080471945
9780080863405
9780080586069
9780080863436
9780080552736
9780123812735
9781455709564
9780128043363
9780323139304
9780080860930
9780080859224
9780080586724
9780080522555
9788131247822
9781908818737
9780444626691
9780080537375
9781908818058
9788491130024
9781455712533
9780124055339
9780080551562
9780123919397
9780124045866
9780080469638
9780080522548
9780124055414
9780128020128
9780123978714
9780124077324
9781455709533
9780080921730
9780128026311
9781455712168
9788491133179
9780080532639
9780128048337
9780128026922
9780080520193
9780128096475
9788490229477
9780080915333
9780128034880
9780080457772
9780080497150
9780080497228
9788131250297
9780080496887
9780128096208
9780080568201
9780323078580
9788490229934
9788131242339
9780080857039
9780123946331
9780080465005
9781455709410
9780080458809
9780080454436
9780124157576
9780080963037
9780080856957
9780080578477
9780080578118
9780080544526
9780080526416
9780080877174
9781483282053
9780080578095
9780080585390
9780080578255
9780080489117
9780080562452
9781483288314
9780080586540
9780080562063
9780080562087
9780123810007
9780080578101
9788131252901
9780323089814
9780323261173
9780323428279
9780323354561
9781455709182
9788490225103
9780080537917
9780323570053
9780323354592
9780323264709
9780323402378
9780323089760
9780323356794
9780323446082
9781455772261
9780323400879
9780323531559
9780323356855
9780323566407
9780081003749
9780080529561
9781455773114
9780323323321
9780323414579
9780128095034
9780128013250
9780128134375
9781455772124
9788490228197
9780128034941
9780323402613
9780323528375
9780323297066
9780323446259
9780323188579
9781455772056
9780323266819
9780323496575
9780080571911
9780080921525
9780080469119
9780123977816
9780702048074
9780702047923
9780323549028
9780080538501
9780128155332
9780323326551
9780729587112
9780729587105
9780124051676
9780128018279
9780323496643
9781455742950
9788491134121
9780081024102
9788490228494
9780080496702
9780323296991
9780128005866
9781455771646
9780323287050
9780323089722
9780323227414
9780323552776
9780323583534
9780323477666
9780323242387
9781455758692
9781455744138
9780323442305
9780323528511
9780128122259
9780323477116
9781455771707
9780323524094
9783437169748
9780323266635
9780081017579
9788490223932
9780128096550
9780323446211
9780323264921
9780124115545
9781455747177
9780323354677
9780323446297
9780323287197
9780323463157
9780323391108
9780123739445
9780323413374
9780323399050
9780128031186
9780080887357
9780080858906
9780080858876
9780128125052
9788490228616
9780702054150
9780128134214
9780323583091
9781483217321
9788480869492
9788445823781
9788490229620
9781455700356
9780080585741
9780080586335
9780080859231
9780080491073
9780080562148
9780323139120
9780080561035
9780080496986
9780080919577
9780702049682
9781455759408
9780323260701
9780123859433
9780080533735
9780723437697
9788491131878
9788445826140
9788131251928
9788131243466
9780123972729
9788131249239
9780323427999
9780702049279
9781437737776
9781455733330
9781782420217
9781437720518
9780323551397
9780123854742
9780323448291
9780323441971
9780323512220
9780702048852
9780323548366
9781455703784
9781455726608
9780323080491
9788131242568
9780080496993
9780323341936
9780080497334
9780080539379
9780323496704
9780323263979
9780080923383
9780323553827
9781455748389
9780080562117
9781455747436
9780323413275
9780080921662
9780323477000
9780081000700
9780080524962
9780323089562
9780127999180
9780128096178
9780323388771
9780128052105
9780128052426
9781455747429
9781455745630
9780128051153
9780080533841
9780128131374
9780323642385
9780080561011
9780080488622
9780128052174
9781455709335
9788491133186
9780323398022
9780124159136
9780081022214
9780080527901
9780080572123
9780080524863
9780323299381
9780323569835
9781455747559
9780081022887
9781455743988
9780080535203
9780080522722
9781455750597
9780323528535
9781455747740
9780081012642
9780323323284
9780081020166
9781455712403
9780128017531
9788445820865
9780128011492
9780323552875
9780323463133
9780123751577
9780323242202
9780323391405
9780323400855
9780323326490
9780323448734
9780323186209
9780323482066
9780080518855
9781483288345
9780080466101
9780123812599
9780080531496
9780080586014
9780128002247
9780128123898
9781483289038
9781455710713
9780123820051
9780323428217
9780323261135
9780323582995
9781437710946
9780080583358
9780323654821
9780080857008
9780323417471
9780323299497
9781455747832
9780080569932
9780080536880
9780080859514
9780080550343
9780080585925
9780080859057
9780080584591
9781437736144
9780128117781
9780128096239
9780080578439
9780080545929
9780323395823
9780080495644
9780323186308
9780128124062
9780323528412
9781455747498
9780323089692
9781483280707
9788480869195
9788480863063
9780124159761
9780323113328
9780123809230
9780702053740
9780702047558
9780702051203
9780323553582
9780702069598
9781437735802
9780323548441
9781437736465
9780080922966
9780128005842
9780128028698
9788131231593
9788490224045
9780080534497
9788490224939
9788490227329
9780080527888
9780080925837
9780323462785
9780323089616
9780323263832
9780323287135
9780444600936
9780323612807
9780323612821
9788490224601
9780128013212
9780128024775
9780080550916
9780123944139
9780124055421
9780123918703
9780080866468
9780123946416
9780128050804
9780128033302
9780080530482
9780128029138
9788491132707
9780323481960
9781455744589
9780323226493
9780323340977
9781455712199
9780080562278
9780080531816
9780080562438
9780128010549
9780080528854
9780128006276
9780323481656
9780323532563
9780323484084
9780323482929
9780080860763
9780729586184
9780729586177
9780323341509
9780323428552
9780128008218
9788490229613
9780128037171
9780323263528
9780323428446
9780323262576
9780323392730
9780080857077
9780323443272
9780323394857
9780723437956
9780323509251
9780323568753
9780323508728
9780323480253
9788490229354
9780123757104
9780323482820
9780123848772
9780323597562
9780323390422
9780080876979
9780323313100
9780323279710
9780702050404
9780323594875
9780323594851
9780080562261
9781483219493
9780323548847
9781455772049
9780323463225
9780323417198
9781455772162
9780128125168
9780444594020
9780128123935
9780444635754
9780080956831
