9780080860282
9780080577883
9780080858944
9780124159754
9780080919294
9780128043820
9780080491608
9780128052372
9780128124048
9780080454887
9780080583365
9780080579788
9780080461922
9780080535999
9780080535852
9780080527307
9780080863467
9780123972309
9780240821306
9780080860343
9781483220598
9781483192000
9780123946041
9780124078000
9780128005873
9780124077997
9780080580807
9780080579979
9780080578248
9780080580555
9780080551951
9780080984094
9780080460505
9780124200944
9780128098547
9780128024317
9780128003176
9780124017016
9780123977519
9780080526089
9780080463346
9780128010525
9780080455396
9780080984322
9780080564425
9780080579733
9780080536439
9781483296760
9780080583235
9780080490199
9781483277592
9781483267494
9780080536408
9780080578286
9780123812858
9780128115596
9780080523590
9780128029527
9780080543598
9780128020098
9780128016923
9780080538488
9780080537481
9781483162812
9780080888095
9780080527727
9780080490380
9780702045394
9780128134276
9780323417372
9780857097224
9781483267401
9780128002988
9781483162454
9780128002957
9780128142240
9780080544052
9780080455891
9780323137744
9780080458106
9780128096246
9780080460468
9781455730032
9780123948182
9780123846853
9780080921716
9780128155226
9780128032534
9780080455082
9780080535753
9780080584874
9780080578262
9780080564265
9780080524566
9780080579795
9780080564579
9780080564289
9780080579665
9780128021958
9780080564432
9780123870452
9780123820808
9780080860909
9780080929606
9781483282152
9780080543581
9780080564333
9780080564449
9780323138345
9780080544274
9780128019740
9780080472997
9780080530307
9780080493718
9780080526423
9780080557144
9780080568720
9780080578187
9780444637178
9781483287201
9780128134610
9780080533421
9780128003053
9780080490205
9780080461281
9780080564401
9780080583129
9780124115149
9780123876621
9780080585062
9780128099728
9780128037157
9780128043806
9780128155325
9781483216355
9780080858623
9780080584980
9780128155288
9780080527659
9780080548326
9780080465395
9780081007587
9781483273433
9780080578279
9780080467238
9780080491912
9780080877389
9780080456980
9780080584959
9781455778942
9780323430197
9780080888774
9780080568744
9780080474854
9780128005101
9781483220581
9780080548241
9780128014356
9780080886909
9780080583273
9780080925431
9780080496641
9780123877031
9780080542522
9780080582221
9780080580654
9780124078055
9780124077331
9780128003640
9780080475806
9780080559377
9780123858986
9780323389594
9780080921297
9780123984906
9780128040959
9780128040270
9780080552033
9780080564302
9780080583167
9780080585109
9780080544045
9780080918327
9780080493633
9780080584935
9780080579962
9780080549866
9780444635860
9780123965363
9780128032688
9780123751591
9781483269504
9781483215938
9781483257471
9780080921778
9781845698621
9780080456256
9780080490113
9780080584928
9780128120170
9780080580715
9780080478616
9780080580005
9780128037461
9780080463353
9780080459318
9780080578088
9780080584843
9780128092989
9780080518794
9780080536781
9780080471020
9780080569079
9780080541143
9780080562476
9780080583389
9780080493817
9780080539584
9780128097946
9780080528199
9780128167007
9780124200722
9780128029886
9780128136829
9780444535450
9780128144169
9780123870230
9780080564258
9780080505794
9780080536071
9780323138086
9780080493800
9780123973429
9780080534527
9780124080638
9780128009925
9780080542393
9780124159662
9780080546360
9780123982889
9780080525785
9780124055353
9780123984791
9780080552217
9780080877396
9780123946386
9780815517498
9780080556826
9780080553276
9780080552682
9780815518358
9780080471167
9780128123874
9780080507965
9780080490397
9780080578125
9780080564968
9780080578378
9780080524382
9780080583433
9780080579641
9780080522432
9780123820075
9780128032343
9780080888330
9780444636560
9780080932347
9780128027127
9780080490236
9780080919409
9780128155240
9780080522647
9780080580616
9780080579726
9780080564562
9780080537191
9780444595942
9780080534534
9781483262123
9781483193519
9781483136592
9780080925042
9780128093207
9780080860329
9780128012734
9780080527932
9780080544915
9780080579689
9781483216348
9781483188843
9780444635136
9780323149976
9781855738669
9780323149235
9780080583334
9780128001035
9780080466699
9780123983695
9780124046177
9780080583396
9780128025871
9780080583402
9780080475882
9780080579948
9780080984346
9780080496757
9780124201095
9781483296494
9780081002971
9780128120538
9780080471945
9780080863436
9780080475745
9780323428873
9780123809889
9780080537375
9780124055339
9780128003060
9780128020128
9780128025161
9780124171183
9780080921730
9780128024256
9780080520193
9780080468921
9780128096475
9780128124000
9780123946331
9780128151709
9780080489865
9780080963037
9780080578477
9780080578118
9780080580548
9780080579740
9780080526416
9780080584867
9780080584751
9780080578095
9780080585390
9780080578255
9780080580012
9780080562452
9781483288314
9780080537641
9780080564500
9780080583228
9780080578101
9780080583136
9780080529561
9780128013250
9780080571911
9780080921525
9780123977816
9780128097670
9780080538501
9780128155332
9780124051676
9780128042427
9780323143325
9780128125472
9780444636737
9780128096550
9780124115545
9780123739445
9780080860350
9780080887357
9780080544922
9780080585031
9780080491073
9780080984339
9780323139120
9780080583082
9780323139199
9780080919577
9780123972729
9780857096692
9781782420217
9780080539379
9780080465371
9780080524542
9780128096178
9780128051153
9780124159136
9780080527901
9780080572123
9780080584904
9780080522722
9780080564272
9780128011492
9780123751577
9780123785596
9780080583358
9780080584881
9780080454115
9780080536880
9780123977632
9780080578439
9780080545929
9780128124062
9780124159761
9780128092378
9780080922966
9780123947888
9780080534497
9780080527888
9780080925837
9781483298016
9780123918703
9780080583112
9780128033302
9780080564319
9780080531816
9780128010549
9780128006276
9780080584768
9780124046030
9781437735215
9780080860763
9780128011416
9780124159709
9780080579719
9780123848772
9780080860312
9780080544427
9780080580890
9780123946270
9780444635754
9780123815286
9780123850355
9780080875101
9780080463285
9780080545981
9780128118665
9780128122983
9780080921976
9780080464787
9780444627162
9780080562001
9780123848888
9780128026755
9780128167656
9780080888316
9780080916491
9780128111932
9780080582252
9780080585086
9780080534541
9780080583419
9781908818065
9780444635105
9780128051139
9780128104217
9780323139465
9780128125977
9780128001530
9780128161463
9780080580630
9780080583211
9780080564517
9780080579696
9780080579894
9780080580623
9780080553160
9780080521688
9780080863498
9780080578484
9780080578385
9781483276397
9780080584997
9780128143209
9780128017029
9780128114377
9780080584805
9781483162959
9781483183657
9780128046166
9780080564524
9780123982865
9780080921709
9780128004852
9780080539546
9780080478197
9780128033708
9780080863474
9780080569116
9780080543574
9780080579900
9780128133637
9780080579818
9780080564463
9780702035364
9780080533995
9780080536798
9780080585079
9780128024676
9780080585055
9780128004975
9780080860503
9780080559322
9780123819895
9780080470726
9780128033326
9780124105461
9780128052334
9780128038628
9780080860589
9780080534435
9780128003572
9780123858641
9780128094433
9780128035696
9780128120491
9780080580746
9780080462943
9780080529714
9780080562582
9780080534558
9780080540368
9780123977779
9781483162188
9781483282060
9780080548487
9780080564418
9781483218977
9780124115989
9780080860572
9780080525747
9780323138482
9780080577975
9780080556512
9780323140379
9780080532363
9781483269634
9780080528458
9780128052396
9780123819567
9780080577937
9780080493824
9780123849458
9780080530857
9780080459721
9781483270326
9781483165172
9780128024331
9780080559391
9780128033319
9780123947987
9780124172838
9780080542690
9780080521855
9780080879017
9780128052181
9780080921723
9780128155271
9780128092385
9780080536903
9780080533551
9780080536088
9780080521701
9780080918976
9780080557595
9780080858975
9780080525525
9781483282268
9780080534480
9780323157247
9780080544434
9780080585048
9780080984223
9780080579986
9780080583266
9780080580692
9780323137621
9780123849403
9780080580562
9780080860336
9780080860381
9780080858845
9780128009994
9780444636690
9781483218953
9781483269993
9780128096826
9781483163710
9780080544038
9781483164618
9780128017548
9780080580876
9780124114524
9780081000441
9780123846921
9780080542515
9780124078772
9780080530123
9780128151242
9780080562537
9780080578354
9780080564470
9780080579832
9780080530208
9780080860428
9780323139205
9780080584744
9780080578323
9780080543567
9780080583259
9780323162937
9780123809902
9780323139038
9780323137812
9781908818331
9780080562506
9780080578170
9780080524474
9780080522364
9780080860510
9780128024324
9780080579658
9780080564357
9780123948175
9780080536286
9780080584812
9780444634641
9780128004050
9780128135389
9780128052143
9780128011331
9780128025314
9781483277684
9780080924137
9780080548418
9780128009949
9781483189710
9780124055346
9781483276106
9780128036327
9780080580579
9780128002971
9780128017579
9780444595898
9780080581316
9780124055155
9780080564586
9780128032572
9780080548722
9780080530215
9780080580593
9780080581323
9780080547251
9780124159846
9780080525969
9780080475783
9780081025901
9780080471051
9780080560649
9780080970387
9780080562568
9781483293875
9780080583174
9780080553924
9780080488202
9780128013335
9780128018446
9780128145777
9780080569659
9780128146057
9780080479187
9780444593771
9780080583280
9780080528205
9780080961712
9780123809926
9780128105153
9780080467900
9780080557045
9780080478425
9780080578132
9780123914422
9780128025543
9780080537511
9780128103968
9780128119235
9780123756718
9780123877161
9780080473505
9781483270555
9781483274775
9780080859545
9780128010693
9780080578316
9780323140331
9780080544601
9780128024737
9780080547978
9780123751454
9780128045763
9781483220604
9780128137154
9780123785886
9780123870476
9780123810441
9780080585093
9781483267272
9780080535807
9780123849304
9780080860893
9780080578163
9780080554914
9780128155233
9780080920962
9780080863443
9780080577920
9780080564340
9780323138314
9780080569574
9780080467863
9780080579801
9780123878281
9780080525334
9780080584737
9780080577999
9780080535432
9780123869067
9780080577944
9780080542645
9780080578200
9781483288789
9780080860435
9780080579757
9780080951140
9780080585024
9780080488226
9780128002964
9780080564531
9780080557229
9780080533896
9780123848918
9780128096994
9780444632722
9780080534657
9780080457215
9780444635976
9780128011430
9781483159225
9780128133200
9780128001547
9780080544939
9780128044803
9780128051542
9780080578422
9780128098974
9780080532226
9780080579856
9780128027639
9781483162928
9780128094273
9780080580760
9780128031100
9780080583327
9780124079212
9780080562445
9780080493831
9780080460956
9780080860275
9781483288796
9780128003633
9780080535449
9780128148501
9780128020135
9780128135488
9780444634467
9780123815071
9780080580708
9781483276694
9781483268958
9781483191850
9780080470511
9780128003626
9780080534015
9780323527347
9780128029510
9780128054505
9780124079366
9780080490229
9780128113295
9780080888323
9780080564548
9780080495194
9780123946393
9780080488134
9780124051843
9780128123973
9780123946072
9780080877372
9780128033364
9780323137607
9780128144527
9781483137056
9780080863429
9780080580883
9780080584836
9780080584973
9780080579672
9780080931272
9780123849144
9780080458076
9780080564555
9780080858883
9780080525105
9780080534503
9780080577890
9780080583099
9780080583310
9780080534565
9780080496740
9780080917368
9780080579771
9780080580647
9780123877048
9780080950877
9780123982872
9780128113509
9780124077348
9780080922270
9780444601872
9781483140438
9780080584942
9780080580821
9780080579214
9780080564326
9780080580753
9780080583297
9780323140362
9780080921822
9780080878829
9780080923246
9781483216331
9781483270265
9781483269719
9780128033340
9780128039793
9780124077362
9780124077355
9780080490403
9780124114531
9780128094280
9780080921839
9780128043479
9780123850331
9780080526034
9780128151938
9780128120477
9780128094440
9780080538235
9780080578002
9780080578064
9780080578347
9780323139182
9780080580678
9780444537959
9780123751621
9780080511542
9781908818201
9780128052150
9780444635129
9780123848598
9780080912233
9780080922331
9780080579825
9780080583242
9780080578361
9780080583198
9780080574479
9780128133316
9780080580838
9780128120514
9781483158082
9781483182643
9780124058606
9781483273853
9780124078048
9780128004821
9781483259017
9780123978073
9780080961286
9780080472461
9780123946034
9780128144145
9780080932620
9780080950969
9780123946379
9780080578156
9780080924144
9780080536958
9780080534510
9780128038802
9780080536392
9780080578293
9780080537634
9780080458946
9780080578453
9780080950907
9780080860305
9780080877365
9780080860367
9780444637932
9781483192109
9780128036143
9780080546483
9780080527529
9780128121474
9780080575483
9780128154236
9780080490342
9780128155356
9781483297705
9780080858821
9780128025420
9781908818096
9780128011744
9780128040300
9780080863481
9781483191942
9781483192178
9780123854612
9781483274072
9780128033227
9780080919461
9780080533766
9780128155301
9780080535685
9780128014714
9780080556338
9780128137130
9780080537054
9780080860404
9780080579870
9780080479415
9780123813039
9780128155318
9780128002575
9780080564593
9780128033333
9780080571737
9780123851130
9781483295121
9780123972859
9780080534572
9781908818416
9780123948250
9780080584799
9780080859354
9780080496689
9780080888798
9780123870490
9780124105089
9781483140155
9780128123843
9780080522371
9780080578019
9780128124994
9780128146682
9780128141137
9780080578491
9780080493770
9780123858863
9780128026595
9780124078604
9780123855251
9780080579955
9780080583150
9780123809940
9781483258126
9780080578460
9780080493640
9780080984261
9780080580661
9780128110935
9780128003121
9780123809964
9780123983756
9780128124086
9780128054475
9780128097953
9780128020074
9780124200104
9780128042199
9780128040621
9780080459578
9780128138335
9780080580609
9780080583075
9780124079359
9781483265360
9780080493626
9781483289335
9780080564395
9780080475011
9781483257815
9780080577968
9780080577913
9780123946058
9780080860565
9780080559353
9780080578071
9780080564494
9780080458991
9780080493749
9780080559315
9780128155257
9780080564487
9780080458533
9780080580586
9780128016930
9780080528885
9780081002421
9780080524535
9780080496856
9780080951041
9780128099285
9780080580784
9780124171701
9780124201088
9781608059621
9780128052198
9780080860534
9780128118023
9780080536026
9780080496771
9780080488219
9780323138529
9780080533919
9780080924052
9780080578446
9780080580906
9780080860473
9781483193465
9780080548302
9780080583426
9780080577982
9780080479330
9780080578217
9780080951034
9780080549026
9780080984438
9780080585017
9780128124109
9780080584966
9780080583341
9780080564371
9780080538518
9780080863412
9780080466378
9780080488301
9780080858852
9780128024249
9780123982780
9781483287775
9780444598516
9780080554389
9780128010532
9781483162539
9781483183039
9781483269696
9781483216539
9780080583204
9780123979100
9780124079274
9781483258904
9780080536897
9780123859884
9780128054000
9780080542669
9780123785602
9780123914651
9780128052686
9780080526041
9780128014462
9780081011935
9780128129180
9780080471969
9780128019559
9780444638885
9780323138710
9781483220574
9780080859439
9780080579849
9780080562469
9780080919027
9780128004616
9780080535777
9780127999302
9780123869005
9780080920368
9780080530109
9780080583105
9780080562551
9780080951232
9780080951027
9780080570334
9780080454269
9780857095732
9780128025178
9780128026618
9780128004654
9780128155486
9780128004005
9780080542676
9780080581378
9780128034262
9780815518365
9780080515441
9780080469157
9780080461328
9780080553702
9780124201996
9780080490410
9780080950884
9780080580791
9780080564456
9780080542331
9780080578224
9780080578231
9780080521848
9780080578149
9780080579702
9780080578033
9780080580685
9780123859921
9780080534084
9780080463377
9780128009192
9780123877536
9780080531243
9780128052389
9780128052327
9780128111949
9780080584898
9780080493848
9780123813053
9780080579887
9780080579917
9780080884974
9780080550565
9780123858962
9780123977526
9780080479514
9780080925998
9780323140065
9780080550091
9780080525136
9780128035665
9780080584775
9780080584829
9780080476155
9780128010662
9780124105454
9780444534996
9780124072015
9780123978158
9780080950914
9780323139427
9780080495200
9780080522449
9780080860558
9780080879000
9780080912264
9780080491981
9780080578415
9780080577906
9780080583181
9780080581361
9780080584911
9780080580739
9780323139700
9780080583303
9780080580722
9780128052365
9781483262239
9780444600974
9780080546322
9780128151280
9780323137874
9781483193304
9780080584782
9780080860374
9780080916675
9780080932934
9780080579931
9780128025154
9780128004432
9780080583372
9780124078475
9780123813015
9780080578408
9780123948373
9781908818171
9780080464510
9780080530192
9780080578057
9780080578026
9780080458090
9780080521947
9780080569147
9780080917474
9780080488240
9780128155295
9780080475073
9780128052136
9780128051405
9780080529554
9780323400299
9780128011713
9781483282435
9780128141700
9780124116429
9780080553443
9780128125991
9780080542508
9780080579863
9780080860459
9780128099148
9780080454740
9780080584850
9780128114728
9781855736344
9781483216324
9780857095749
9780857090522
9780123810465
9780123972316
9780080537726
9780080578194
9780080564609
9780080580869
9780080583068
9780080522265
9780080465500
9780123870414
9780080583143
9780080578040
9781483287768
9780080564296
9780080577951
9780080479682
9780080585000
9780123838773
9780080863450
9780080500935
9780124078420
9780080581224
9780124157569
9780080490373
9780123946287
9780123878120
9780080859408
9780080562520
9780080578392
9780080529080
9780080564388
9780123813985
9780123819758
9780323140102
9780080564364
9780080860411
9780128034194
9780128005897
9780080474540
9780080860879
9780080860862
9780080584720
9780080579764
9780444635150
9780124051683
9780128033432
9780124159747
9780080479507
9780080494814
