9781483290065
9781483285801
9780124059313
9780123870087
9780128053362
9780128118856
9780081010051
9780128037126
9780080542362
9780080547749
9780128007938
9781483266084
9781483276533
9781483261072
9780444635471
9780080582757
9780080954042
9781483259437
9781483269535
9781483140124
9781483264394
9781483187259
9780080582733
9781483261102
9780080885834
9780080515397
9780080533711
9781483286280
9780123849120
9780080542423
9780857092922
9780124059290
9781483289151
9780128031223
9780128010839
9780080863573
9780080495705
9780124078628
9780123947826
9780128007914
9780123868930
9780080538334
9780080548500
9780080533667
9780124059252
9780080557502
9780080867526
9780080463308
9780080556529
9780128004333
9780080454863
9780080530499
9780080866840
9780128028988
9780444641953
9780080922676
9780080458243
9780080565774
9780080509709
9780080567297
9780080582832
9780080575490
9781483219097
9780128125755
9780080509099
9781780632582
9780080528427
9780080492353
9780080961804
9780080885353
9780124173156
9780128052822
9780080541136
9781483219165
9780128003169
9780080867373
9780080537405
9780128129630
9780080512143
9780080866666
9780080540108
9780080490045
9780124017252
9780123984630
9780080552132
9780080508771
9780128047613
9780123983619
9780080519654
9780080866741
9780128004883
9780080867151
9780080542232
9780080557236
9780080461182
9780080867212
9780080538624
9780080546117
9780080468532
9780080863580
9780123820808
9780080528007
9780080863566
9780080565934
9780080582740
9780080983943
9781483216287
9781483277714
9781483277424
9781483258188
9781483267395
9781483274164
9781483261256
9781483159072
9781483264813
9781483154961
9780080448947
9780080491707
9780123814401
9780128112496
9780080878515
9780080923482
9780080541310
9780080463636
9781483299112
9780128011256
9780080866963
9780128144503
9780128031148
9780080932330
9780128113523
9780080525242
9780128005309
9780123978134
9780080952215
9780080571089
9780080920412
9780124078581
9780128112830
9780123785756
9780080866819
9781483277318
9780124115231
9780124171299
9780123972910
9780123814616
9780080490151
9780080493190
9780080867403
9780128036655
9780128051788
9780080867533
9780080867045
9780080867243
9780080492063
9780128051184
9780080556789
9780128024898
9780128092941
9780128131039
9780128052860
9780080863658
9780444537539
9780080529103
9780080456973
9780080571102
9780080867465
9780080556987
9780080458267
9780080454313
9780123786395
9780080866864
9780128155165
9780128045527
9781483270166
9780080454122
9780123914521
9780128034996
9781483182858
9781483163765
9781483186948
9780123914699
9780080460062
9781483291550
9780080890494
9780123851956
9780128017050
9780128027011
9780080513768
9780080514093
9780128021095
9780080545363
9780080917009
9780080532783
9780080866802
9780080515328
9780080529301
9780128003183
9780080531540
9781483297811
9780080567242
9780080565873
9780124079304
9780080565781
9780128151143
9780128121740
9780128026694
9780080536217
9780128007860
9780080932361
9780080506951
9780128118139
9781483163178
9781483145303
9781483165110
9781483294568
9780081005095
9780080468549
9781483258638
9780080494760
9781483269641
9781483186917
9781483267432
9781483264905
9780080567372
9781483258317
9780124105201
9780080457413
9780124051850
9781780630557
9780080510132
9780080561028
9780128118238
9780080867205
9780080922683
9780080867182
9780080521206
9780080917078
9780080922973
9780123984685
9780080518831
9780124105324
9780128051160
9780128043585
9780080513409
9780080867595
9780080863801
9780080522753
9781483288161
9780128004579
9780128052679
9780128003138
9780080459011
9780080877860
9780080889658
9780123914132
9780080582856
9780128098462
9780080533063
9780128146729
9780128019092
9781483219110
9780080565811
9781483265780
9781483158365
9781483260549
9781483186740
9781483289076
9781483218557
9781483264424
9781483182193
9781483184074
9781483273723
9781483268736
9780123750389
9780128038055
9781483265629
9781483276250
9780123814395
9780080479675
9780080493282
9780080866758
9780123739513
9780124072060
9780128006665
9780080474632
9780128019078
9780080463612
9780080502083
9780080501109
9780080533162
9780080534787
9780080502724
9780123868855
9780080959030
9780080567310
9780080582689
9780080582825
9780123855237
9780080518985
9780080544298
9780128138038
9780080519135
9780081005590
9780080920214
9780128114247
9780128004104
9780080922645
9780128099629
9781483288543
9780080471044
9781483277080
9781483187815
9781483141190
9781483269511
9781483153346
9781483279268
9781483298696
9781483152226
9781483274010
9781483187143
9781483103419
9780080533223
9780124079397
9780080500263
9780080457024
9780123852441
9780080509112
9780080923154
9781483290652
9780080923024
9780080473970
9780128003756
9780128005279
9780080867052
9780080472959
9780124078918
9780128121696
9780128006771
9780128024690
9780080543017
9780123978394
9780128134306
9780128098202
9780080920290
9780128003145
9780080495187
9780128024720
9780128150931
9780124104440
9780080867519
9780080867380
9780080554228
9780080559803
9780080538273
9780080510057
9780080536002
9780080565804
9780080582641
9780080565972
9780123809094
9781483297712
9780080567273
9781780630731
9780128023693
9780128121160
9780123785763
9780128141090
9780080505077
9780081007013
9780124105386
9780128146903
9781483286297
9780080866925
9781483296333
9780124059016
9780080465906
9781483279725
9781483153261
9781483136219
9781483103464
9781483141251
9781483264400
9781483295398
9780080493183
9780080525587
9780080923284
9780080959191
9780080521961
9780080557199
9780080565941
9780080532745
9780080527772
9780080866994
9780080959726
9780080582658
9780080548050
9780124104679
9781483214467
9780080540528
9780128135020
9780080508887
9780080559766
9780080921907
9780080867021
9780128118283
9780080926681
9780080867342
9780128054444
9781483138039
9781483159515
9780080456072
9780080539133
9780080867175
9781483285283
9780080545943
9780080569055
9780128121733
9780128027059
9780123864949
9781483285948
9781483258072
9780080565828
9781483216362
9781483289588
9781483288581
9781483217444
9781483262147
9781483286914
9781483289182
9780128003916
9780080582801
9780123822369
9781483295374
9781483142104
9780080867236
9780080866567
9780080867199
9780080867267
9780080535371
9780124171541
9780123815231
9780080469225
9780128014387
9780123983206
9781483287119
9780128133682
9780128134962
9780080922621
9780080524269
9780080526270
9780080528847
9780080463728
9780123850126
9780128119815
9780128114827
9780080567266
9780080507705
9780080459776
9780080866604
9780080582887
9780080867144
9780080488509
9780080863818
9780080525679
9780080857961
9780128127308
9780128025246
9780080539836
9780080559520
9780123850805
9780080538495
9780080553436
9780123859747
9780128112960
9780128033586
9780080954059
9780128051825
9780080958101
9780080963211
9780080922560
9780128095058
9780080467832
9780124200982
9780080567327
9780080559797
9781483264622
9781483150086
9781483158242
9781483153568
9781483163611
9781483181608
9781483187655
9780080863702
9781483276540
9781483186726
9781483183763
9781483262901
9780123808813
9780128097090
9780080556215
9780080866833
9780080866581
9780080951478
9780128155097
9780444637062
9780080866680
9780123808974
9780080495712
9780123982896
9780080866673
9780080866659
9780080533155
9780080867304
9780080516660
9780080478289
9780124079434
9780080533490
9780080534183
9780128017470
9780128121689
9780128034583
9780080867472
9780128121719
9780080506050
9780080559575
9780128004272
9780080534916
9780080552125
9780080917054
9780080965031
9780128144466
9780128007136
9780128094211
9780124079311
9780080888026
9780128018828
9780080513737
9780123859495
9780123869531
9781483151106
9781483148236
9781483106267
9781483268453
9781483154022
9780080863696
9781483265261
9781483141268
9781483261225
9781483103426
9781483106304
9781483258232
9781483219127
9780128131312
9780128016916
9780080863856
9780128114223
9780128017838
9781483294315
9780080863634
9781483299150
9780080582726
9780080495699
9780080863870
9780080559582
9780128003343
9780128028773
9780080534213
9780080528717
9781483289311
9780080522739
9780080498744
9780080866789
9780123983633
9780080515359
9780080521732
9780080490588
9780080867229
9780080518923
9780080559827
9780128111284
9780080571690
9780123756756
9780124116207
9780123884145
9780080582719
9781483297033
9781483260730
9781483259475
9781483216133
9781483259291
9781483265254
9781483277073
9781483277097
9781483260693
9781483187457
9781483160672
9781483288833
9780080920221
9780080546988
9781483285931
9780080866796
9780080867274
9780128041123
9780081003497
9781780633596
9781483219134
9781483270210
9780124186866
9780080537351
9780080522777
9781483289144
9780123877079
9780080466620
9780128043868
9780080518138
9780080533001
9780080953878
9780080863795
9780128142547
9780124200760
9780081008980
9780128039953
9780081005620
9780128118450
9780123947970
9780080521572
9781483165141
9781483187693
9781483190341
9781483291031
9781483220772
9781483158846
9781483265278
9781483103471
9781483145389
9781483266183
9781483264479
9780444538185
9781483219141
9780128125601
9780080569352
9781483286105
9780080867496
9781483219073
9780080582818
9780080460925
9780080863825
9780080863788
9780080863542
9780080490144
9780128092965
9781483288147
9781483270494
9781483292700
9781483266091
9781483183589
9780323138727
9780128011751
9780080466118
9780128132395
9780080543048
9780080567211
9781483186771
9781483259338
9780080508245
9780080867328
9780080867076
9780080540139
9781483287904
9780080867281
9780080529202
9780080457192
9780080867625
9780124051768
9780080533179
9781483216270
9780080867069
9780080863610
9781483148144
9781483219172
9780128112731
9780080475042
9780080565842
9780080914879
9780128129258
9780080921228
9781483288680
9780080515342
9780081019221
9781483294520
9780128110744
9780128018781
9780123785978
9780080886145
9780080513065
9780080469621
9780080543024
9780080921686
9780128098776
9781483257402
9780128011614
9780080463537
9780080474915
9780080476568
9780080867311
9780080866987
9780080454252
9780080480671
9780080554068
9780080922775
9780128014646
9780124080683
9780080863771
9780080468938
9780080565989
9780080529264
9780080867359
9780080866956
9780128054451
9780128113240
9781483285436
9780080502076
9780128095799
9780080916910
9780080522760
9780080499505
9780080542416
9780080863740
9780080866895
9780444633521
9780080522784
9780080532936
9780123984883
9780080920092
9780080922249
9780080499550
9780080918204
9780080471099
9780128019566
9781483219103
9781483162126
9780080863641
9781483187488
9781483183541
9780323140492
9781483259666
9781483293547
9780080565859
9780080480893
9780444635501
9781483289120
9780080863757
9781483271491
9781483181578
9781483146096
9781483188898
9780080866628
9780323137683
9780080863894
9780080524283
9780124072053
9780128119297
9780080467436
9780123983602
9780124171251
9780128040584
9780123914705
9780081002582
9780080567358
9781483267302
9780128020388
9780081023730
9781483181745
9780080863733
9781483220093
9781483145174
9781483289106
9781483280714
9781483288741
9781483293509
9781483268545
9781483267289
9781483147635
9780123756695
9780123819871
9780080467818
9780080921419
9780080535043
9780128021101
9780123852014
9780123984937
9780123984043
9780128033913
9780080537009
9780080525624
9780080560557
9780080925653
9780080497372
9780128125090
9780080558257
9780128127100
9780080533414
9780080555102
9781780633855
9780080567440
9780080522746
9780128028865
9780080471808
9780080490137
9780080565910
9780080863887
9781483297163
9780080565965
9780128119150
9780080857718
9781483214481
9780080465937
9780128097083
9780128051771
9780128018774
9780080463834
9780124201811
9780080993812
9781483219189
9780123977533
9781483296838
9781483286471
9781483260891
9781483264356
9781483272290
9781483281209
9781483164274
9781483290454
9780080527635
9781780633053
9780128150924
9780444641687
9780123849267
9780128098349
9780080867038
9780124072480
9780080544281
9780444637024
9780124072046
9780123946300
9780080488899
9780128051177
9780080546193
9780128016763
9780123984968
9780080920429
9780080560564
9780080529271
9780080525846
9780080469027
9780080532776
9780080915494
9780080502182
9780080493299
9780080863863
9781483288413
9780124199569
9780128121139
9780080958002
9780128052891
9780080922638
9780080921242
9781483288574
9780080565927
9781483269375
9780080582672
9781483274751
9781483187167
9780080582788
9781483184289
9781483139579
9781483265773
9781483147642
9781483190730
9781483192932
9781483261065
9781483217406
9780124116184
9780080537368
9780128153116
9780080866734
9780128037928
9780124105225
9780080866949
9780081018897
9780128003763
9780123978073
9780128051191
9780123978424
9780080567303
9780128142585
9780080863665
9780128005989
9780080863627
9780444537041
9780080857992
9780444536235
9780080867441
9780080866918
9780080866635
9780080959009
9780080923017
9780080541716
9781780631493
9780080546483
9780080479378
9780123851475
9780080924762
9780080867564
9780080462578
9780080867298
9780128121702
9780080542607
9780124171558
9780123809476
9780080559308
9780080500096
9780123785671
9780128008270
9780080970875
9780123819857
9780080582870
9780080518107
9781483258164
9781483160184
9780080863726
9781483217413
9781483103457
9781483136820
9781483159379
9780128139820
9780123815279
9780080569024
9780128125687
9780128003589
9780123977618
9780128002896
9781483292687
9780128114285
9781483295794
9780128140994
9780080866888
9780080920719
9780080958538
9780080867113
9780080867007
9780128134498
9780080498102
9780080866727
9780080867106
9780128024355
9780080867335
9780080465630
9780080564913
9780081004036
9780080536224
9780080527086
9780080922584
9780080533209
9781483295121
9780080567235
9780080554044
9780123814784
9780080462691
9780128019085
9780128017937
9780080460802
9780080866574
9780080866642
9780080519142
9780124158658
9780080466088
9780128024713
9780080490663
9780128024843
9781780630373
9780081001066
9780080565866
9780123982711
9781483163826
9781483263342
9781483193687
9781483277226
9781483259352
9781483267388
9780080879109
9780128029909
9780080921075
9780080542577
9780124172005
9780124016613
9780080533032
9780080559544
9780123979179
9780080465999
9780128093429
9780080511528
9780080518978
9780124170186
9780128147641
9780081006313
9780128118269
9780123808950
9780128014394
9780444538260
9780080550794
9780128019030
9781483288277
9781483299181
9780123847096
9781483156743
9780080961750
9781483268293
9781483289243
9781483190853
9781483260600
9781483162478
9781483136776
9781483157917
9781483106281
9781483215914
9781483276298
9781483269528
9780124172852
9781483285900
9780080866970
9780080866857
9780080545035
9780080867083
9781780630366
9780123814548
9780128032077
9780128009918
9781780631523
9780124072220
9780080466705
9780080521800
9780080528823
9780080866826
9780080541303
9780123852175
9780080460642
9781483293530
9780128021989
9780123739322
9780128155127
9780080922591
9780080492452
9780080491127
9780080565897
9780080466491
9780128039137
9780080867168
9780128113820
9780123877642
9780123914835
9780128007143
9780080526263
9780123914125
9780128096963
9780080467740
9780444536310
9780080538617
9780080867458
9780123982858
9780123877239
9780128024348
9780081007020
9780128003152
9780124167117
9780080867014
9780081010044
9780128039397
9780124186859
9780128038680
9780128018798
9781483270050
9780080926674
9780123982797
9780080542638
9780128134511
9780080863559
9780080463384
9780123855282
9780080466095
9780080488301
9780080879246
9780080559780
9780123972620
9780128046234
9780080553320
9780128003831
9780080867397
9780080541792
9780080555126
9780080518824
9780080560014
9780124081062
9780080459301
9780857090195
9780128098387
9780123978127
9780128134320
9780080491424
9780128024263
9780080555416
9780128126028
9780128030363
9780128127780
9780080490823
9780128044148
9780128038666
9780080530130
9780080922669
9780080923062
9781483271200
9781483155180
9781483189574
9781483161983
9781483136875
9780123838377
9780128142561
9780080863603
9781483289137
9780080565880
9780080582665
9780080582702
9781483224718
9781483265834
9781483270500
9781483276212
9780080515373
9780080482248
9780128036501
9780080471198
9780128024904
9780080481388
9780080922805
9780080511412
9780081002469
9780080867601
9780080537986
9780080489810
9780444635440
9780080866772
9780080867557
9780080866710
9780080866765
9780080866550
9780128011379
9780128052624
9781483192710
9781780632995
9780080533384
9780123869586
9780080866598
9780080958019
9780124115767
9780123914392
9780124072497
9780444641885
9780123864963
9780123864932
9780080559773
9780080550497
9780080575339
9780080519159
9780080867366
9780080567341
9780080885803
9780323139793
9780128036082
9780080863849
9780080582764
9780080567204
9780128025024
9780081006337
9780128095775
9780444637406
9780128018392
9780128126066
9780123808837
9780080540023
9780080920832
9780080567365
9781483218571
9781483292731
9781483265018
9781483273754
9781483273389
9781483257945
9781483103440
9781483271590
9781483258256
9780124051744
9780128007921
9780080572994
9780080863719
9780080863597
9780124055230
9780444633897
9780857095534
9780123821898
9780128155172
9780123914811
9780123984876
9780080491400
9780080567389
9780080582696
9780124071551
9780323138772
9780857098788
9780080863832
9780080530802
9780123809070
9780080565903
9780080863689
9780080582894
9780128111413
9780080565798
9781483103433
9780080490670
9780080529288
9781483266206
9781483153384
9781483265285
9781483271019
9781483286921
9781483289274
9781483260921
9780080525907
9781483162461
9780080582863
9780123785718
9780080921020
9781483191096
9781483158488
9780080921068
9781483295923
9781483270081
9781483161396
9781483264899
9781483187785
9781483138879
9781483153322
9781483162430
9780128105092
9780080495019
9780123785527
9780123978196
9781483296029
9780128111772
9780080513676
9780123751751
9780080922782
9780124199798
9780123808936
9781780634623
9780080559551
9780080567334
9780123982629
9780444626073
9780444626226
9780124171343
9780080533025
9780080567280
9780080540917
9780128026281
9780080880280
9780080885827
9780080542218
9780080495101
9780080532721
9780080539447
9780080512099
9780128014417
9780080885797
9780080582849
9780128037058
9780080867588
9780080493404
9780080515762
9780128119662
9780080867489
9780128135099
9780080557328
9780080932323
9780080526867
9780080477077
9780323139137
9780128023785
9781483187365
9780128011843
9780128135648
9780124047105
9780444634269
9780080571485
9781483288765
9780080582795
9781483288475
9781483152981
9781483187235
9780080863672
9781483270012
9781483157269
9781483151588
9781483277103
9780128018408
9780123869593
9780128097663
9780080866871
9780080866901
9780128014363
9780128017319
9780128141724
9781483219196
9780128011669
9780123982605
9780128011485
9780128008881
9780080468945
9780128099056
9780080565835
9780080569772
9780080867250
9781483296050
9780080560007
9780080554372
9781483296654
9780080867137
9780128013571
9780080518114
9780080538600
9780128017944
9780080867540
9780080469058
9780080867427
9780080506234
9780080488615
9780080866932
9780123821706
9781483285405
9780081027974
9780128139905
9780080466064
9780080525297
9780080549385
9781483285917
9780081003602
9780080857985
9780080549897
9780080867618
9780123814326
9780080537467
9780080922652
9780080565958
9781483190891
9781483181615
9781483190945
9781483288512
9781483262970
9781483260853
9781483264448
