9780080869902
9781483290539
9780081002988
9780124115354
9780123751553
9780128140444
9780128131886
9780128114520
9780123877000
9780128096314
9780128006382
9780128117514
9780080477909
9780128096673
9780080961620
9780128096291
9780080579375
9781483287256
9780080920863
9780444600042
9780124166134
9780080877983
9780123756893
9780323137966
9780080870656
9781782424703
9780080534978
9780128127230
9780128005439
9781845697204
9780128024874
9780080527468
9780080535999
9780128014370
9780080530703
9780323160391
9780323156622
9781483269146
9780323144216
9781483259574
9781483266930
9780323162227
9781483281636
9781483276076
9781483100081
9781483273709
9781483163116
9781483192185
9780323149679
9780323138390
9780080863467
9780323137850
9781483218380
9781483189178
9781483146089
9780323153126
9781483280875
9780323138376
9781483160948
9780323158541
9780323145602
9780080878867
9780080958545
9780080488745
9781483297262
9780124055087
9780444599940
9780128036310
9780080860794
9780124166837
9780857091260
9780323160575
9781483220017
9781483146225
9781483271927
9781483218427
9780128098936
9781483189666
9781483103518
9781483269160
9781845694296
9780323158183
9780323147934
9780124165724
9780444601605
9780323146173
9780323154758
9780323141970
9781483193403
9780857092922
9781845699970
9781483269832
9781782420200
9781483100067
9780323155809
9780124059290
9781483162935
9781483192093
9780123983824
9780123984944
9780080512426
9781845698270
9781855739031
9781845698195
9780080579269
9780323161565
9780323160308
9780323151733
9780323138154
9780124165830
9780080567648
9780081003572
9780080563770
9780128020371
9780857090331
9781855736535
9780124105331
9780080581330
9780080535883
9781483217178
9780080579979
9780080886886
9780323140560
9780128122884
9780080566993
9781437735178
9780323138543
9780080454405
9780080532011
9780080551760
9780080563732
9780080563640
9780128043509
9780080567006
9780080493459
9780080525815
9780080582023
9780080921143
9780124078086
9780983057208
9781845696153
9780124095366
9780128003176
9780124078093
9780128025635
9780128012642
9780124059115
9780128030677
9780323154413
9780444599971
9780123982636
9780080526027
9781845698409
9780080560496
9780128151020
9781845690243
9780080527451
9780080474953
9780444598196
9780080551517
9780080525884
9780080537160
9780128104286
9780080539812
9780080524351
9780080494364
9780123870377
9780080557830
9780080494821
9780080458571
9781483288604
9780080527093
9781845697778
9780857097460
9780080567129
9780080563749
9780080874913
9780323140454
9781483277417
9780128105016
9781483285696
9780080561615
9780123810328
9780080490199
9781483278186
9780080863368
9780080492087
9780080918730
9780123860262
9780857095909
9780128110539
9781845696122
9780123914804
9780128013519
9780124172876
9780128132791
9780124055223
9780128018453
9780128142639
9781845697051
9780323145664
9781483183640
9781855736214
9781483161181
9780323148023
9780128117170
9780323145947
9780323150866
9781855736689
9781855736566
9780857092472
9780857090751
9781845697471
9780128155158
9781845692834
9780128135549
9780080554938
9780128029473
9780080569604
9780080543598
9780128095638
9780128094952
9780080464480
9780080557847
9780080921969
9780323154529
9780857097989
9781483100296
9781845696603
9781483157641
9781483188300
9781483100203
9780080528427
9780444599643
9780080462516
9780080459202
9780128118320
9780081009307
9780128032664
9780128498989
9780123786234
9780080888576
9780323152303
9780128031452
9780128052600
9780128134276
9780323156356
9780323144087
9780323142847
9780323149716
9780128043462
9781845696344
9780124104273
9780323147170
9780323143554
9780323155212
9780323154505
9781483215983
9781483269443
9780323156462
9781483273129
9780323156226
9780857098856
9781483267401
9781483187471
9781483182735
9781845691714
9781483165325
9781483103501
9780323151313
9780857098863
9781483192833
9780124171893
9780323142496
9781483191522
9781845691684
9780323155984
9780323148771
9780857099914
9781483183381
9781483183480
9780123868985
9781908818034
9781845698355
9780128054420
9780323155663
9781845696108
9780857097811
9781855736252
9780128004289
9780124165908
9780128151389
9780128149270
9780124171510
9780128115572
9780080455891
9780080924830
9780323137744
9780124055490
9780080490120
9780128009932
9780080531823
9780080869919
9780124081079
9781483290294
9781483291048
9781483286204
9780080888088
9781483291024
9780080870830
9780080526645
9781483297880
9780128112809
9780128131688
9780080869858
9780080561738
9780080539232
9780080563688
9780080544007
9780080526782
9780080568713
9780080579566
9780080514017
9780080563589
9780080566979
9780080563695
9780080567112
9780080564579
9780323139144
9780080579382
9780323143103
9780080524504
9780123859907
9780080538877
9780444601674
9780857099907
9781845698386
9780080581996
9780081008966
9780080490175
9780323153683
9780323163088
9781483161785
9781483187518
9781483160023
9780323144162
9780323144391
9780323160537
9780323142540
9780323142236
9780323143059
9781483193434
9780323160193
9781483193502
9780323148405
9780323158169
9780080454245
9781483295916
9780080859477
9780444600905
9781483286945
9780080922294
9780123918833
9780080471303
9780444599681
9780080919621
9780323139243
9780080920788
9780123751614
9780124076556
9780128112632
9780123919281
9780124046924
9780123847485
9780128132739
9780080541310
9780080477763
9781845699284
9780080458618
9780128126905
9780128092224
9780080870472
9780128027370
9780128134382
9780080984414
9780080563350
9780128043530
9780444600714
9780128024287
9780080472997
9780080922379
9780080463278
9780128115282
9780080567013
9780080863375
9780323139496
9780124079342
9780128145944
9780080926445
9780080890487
9780080920412
9780128130803
9780080923239
9780323146883
9780444596871
9780444637178
9781483164311
9781483151557
9780323153096
9781483152165
9781483193588
9781483162973
9780444597120
9780128098288
9780080536446
9780323149952
9781483161853
9780444633927
9781845692094
9780128021118
9780128095454
9780080533421
9780128014868
9780081025673
9780323151504
9781483259642
9780323152334
9780081012468
9780080874876
9780080453378
9780080870847
9780080924687
9781483292533
9780080579467
9780080493466
9780124078079
9780080534329
9781483277936
9780857095787
9781845690632
9780080528588
9781483220239
9780123809117
9780080581989
9780128026496
9780323152440
9780323138307
9780323142182
9780323144759
9780080532684
9780080929866
9780128019399
9780128123522
9780080923444
9780123808738
9780080933993
9780128127674
9781483189581
9781483187433
9781483156958
9780128111567
9781483297927
9780080917528
9780323154185
9780323140034
9780080918013
9780323142168
9780323142304
9780128119723
9781483141886
9781483100319
9780128140215
9780080874951
9780323160520
9780081001158
9780080870786
9780080532585
9780080983899
9780123946492
9780123914781
9780128043516
9780128122235
9780124159426
9780128038819
9780128098691
9781483182278
9780128026113
9780128092972
9780128112694
9780323153423
9780128104262
9780123846785
9781855738799
9781483153643
9780080865713
9780080579603
9781483291413
9780124072039
9781483291826
9780123978691
9781483157078
9780323153836
9780081024485
9780323147385
9780323162722
9780323152983
9781483190440
9780323154352
9781483181479
9780323151191
9780323143608
9780323137881
9780080575360
9780128137277
9780124166387
9780123820198
9780080958071
9781483100326
9780128097199
9780323156578
9780323149761
9781483157573
9780128031537
9780128119488
9780080947518
9780128141663
9780080579368
9780080568744
9780081012420
9780123815057
9781845690212
9780323148993
9781483153803
9780323142298
9781483191713
9781845691738
9780323157384
9781483273235
9781845695712
9781483219288
9780124115293
9780128003664
9780080530420
9780080856933
9780080553696
9780080567686
9780080921099
9780128018262
9780128112601
9780080524665
9780080962801
9780080923895
9780080561622
9780323151368
9780080561592
9780128114063
9780128045855
9780080925431
9781483161839
9780128028926
9780080529806
9781782420934
9781845698188
9781483268415
9780323150743
9780080542522
9780080582221
9781483100289
9781855739499
9780444600486
9780080567655
9780123813909
9780323149495
9781483267920
9781782422969
9780123810342
9780323147606
9781855736573
9780080559377
9780080921532
9780128006429
9780080527383
9781483218960
9781483192451
9780128010341
9780128005767
9780080541358
9780080528038
9781437778144
9781483164236
9780080527444
9780080921280
9780323154437
9780080579535
9780323138277
9780323153201
9781845695576
9780080530475
9780080545509
9780080931777
9780323145015
9780124159129
9780128040638
9780080569109
9780857097927
9780080582061
9780123813213
9780080475141
9780124047358
9781483100418
9780128029831
9780323139694
9780323146791
9780323148849
9781483183664
9780323149273
9780080984292
9780080984186
9780080859415
9780080544045
9780323150446
9781483192994
9781483220949
9780080579962
9780323138000
9780128020951
9780080542539
9780128112045
9780080546056
9780444599391
9780323151528
9780323143899
9780128099407
9780323151016
9780323145558
9781483215952
9780323138666
9781483266879
9781483159973
9780323162593
9781483100180
9780323155052
9781483164427
9780857096869
9781483272276
9781483281971
9781483165745
9781483275581
9781483259413
9780080585369
9780323152907
9781855736337
9780080870977
9781855737044
9781855738355
9780080474786
9780080457901
9780080563626
9780444599568
9780123864741
9780815519034
9781483287690
9781630670399
9780123810168
9780080563442
9780080468914
9780080877150
9780080468013
9780080580715
9780128116883
9780123858542
9780080870137
9780080870922
9780080580005
9780080528557
9780128151747
9781483285764
9781483191515
9780128123676
9780323156417
9780080536668
9780080536514
9780080471181
9780128054017
9780128167465
9780080526942
9780128034033
9780081018804
9780128104552
9780080467252
9780080925912
9780080536781
9780080579504
9780080526539
9780080541501
9780128034187
9780128098646
9780323144063
9780127999197
9780323159821
9780080567051
9780323152143
9780128098226
9780323140638
9780080537894
9780128025451
9781483136981
9780080571119
9780128044858
9780080582856
9780128040577
9780128028841
9780128023457
9780080534428
9780128149577
9780128098820
9780123984050
9780128099001
9780123808875
9780128146262
9780081020388
9780124167162
9780128122501
9780128054413
9780128097977
9781855736580
9780128018477
9780128136829
9780123977649
9780128498729
9780323162050
9781483192079
9780123864574
9780323155854
9781483268644
9780444600004
9781483293097
9780444599414
9781483192055
9780323143196
9780080582016
9781483191928
9781483273945
9781483271279
9781483100029
9780323154307
9780080870618
9781483293103
9780323138055
9781483286174
9780080505794
9780124077928
9780128095447
9780080571874
9780080536071
9780128023761
9780081005231
9780080922089
9780128128770
9780323154901
9780323156882
9780323143547
9781845692018
9781845693718
9781845695484
9780857098672
9781845692087
9781483262765
9780323160810
9780857098481
9781483165158
9780323159678
9781483100036
9781855736276
9781483164823
9781483158631
9781483259536
9780323158701
9780323160476
9780857097590
9780323148146
9781855737075
9780128016022
9780080567877
9781845692742
9780323147132
9781845698454
9780080504971
9780080925769
9781483288192
9780080982250
9780080561813
9780080984902
9781855736245
9780123982889
9780080454276
9780123944160
9780123984791
9780128093320
9780123946317
9780128053850
9781483291277
9780123850379
9780124072114
9780815518532
9780080557762
9780128093009
9780444538116
9780080879253
9780080534893
9780080888804
9780444600912
9780080959665
9780128018460
9780080984667
9780080856995
9781483286594
9780128123690
9780080567778
9780080493541
9780080585123
9780080563534
9780080582177
9780323140430
9780080567068
9780080984315
9780080984230
9780323149426
9780080585376
9781483284880
9780123851215
9781845690533
9780128111796
9780080549811
9780323146203
9780323154857
9781855736603
9780128143902
9780123786371
9781483293318
9781483183473
9780128159675
9780123809452
9780128043844
9780080924113
9780128134344
9780081011164
9780323139663
9780128046722
9780128140000
9780128118634
9780444594464
9780128026137
9780857095206
9780080544014
9780128124161
9780080557816
9780124173170
9780128124208
9780080469423
9780080919652
9780080912240
9780080983905
9780323139397
9780080958057
9780080582153
9780080571454
9780080951416
9780128003954
9780323138475
9780080467726
9781845696207
9780124079397
9780080528014
9780323138499
9780080564562
9781845694265
9780080538983
9780080493473
9780080537191
9780444595942
9780128004753
9780123848727
9780081023556
9781483217383
9780323147194
9781483271873
9780323143806
9781483259154
9781483270449
9780323146920
9780323153089
9781483148755
9781483155494
9780323142663
9780323142366
9780080926384
9781483183633
9781483182957
9780080856971
9780444601797
9781483164335
9780323146265
9781483193472
9780128008102
9780128018484
9780128104569
9780128093207
9780128498972
9780080539539
9780124072435
9780080527932
9780323161879
9780080875149
9780323148788
9781483268149
9780080535838
9780857096937
9781483188843
9781782420996
9780444635136
9781855737105
9781483100302
9781483260044
9780323153959
9780323160025
9780857093929
9780123978493
9780124166677
9781845693107
9780128009956
9781483182933
9780323156295
9781483220727
9780323151375
9780124046085
9781483272573
9781483162034
9781483258645
9781483263434
9781483271866
9780123944429
9780124171848
9780128155202
9780123947819
9781782420811
9781845698430
9780128026366
9781855736269
9780323147965
9780080454238
9780080531779
9780080534930
9780323156028
9780323160100
9780128119174
9780123972347
9780080567730
9781782420422
9780124046177
9780124076549
9781483100272
9781483194226
9780323153225
9781483268163
9780323138109
9780080856872
9780123948359
9780323139618
9781483296494
9780080493305
9780080493046
9780128104316
9780323138192
9780128097731
9780080562513
9780123877918
9780080863436
9780080469614
9781483289977
9780080569086
9780080870465
9780080860930
9780080488196
9780080491349
9780080562490
9780128043790
9781845690236
9781845698140
9780128004265
9780123969545
9780444595720
9780124171930
9781908818478
9780128003305
9780123876997
9780080934006
9780444632555
9780128003701
9780128023556
9780080920290
9780323144155
9780323156370
9780080488820
9781630670351
9780444598547
9781855737020
9780080458908
9781483287614
9780128023631
9780080571096
9780081004852
9780080870809
9780080488868
9780080544021
9780080563572
9780080856957
9780080533100
9781483271521
9781845693411
9781483271828
9781845692520
9780857092519
9780857098634
9780857096852
9781845692940
9781483192536
9781483218991
9781483271132
9780080918112
9780080454337
9780080563398
9780080585390
9780080561660
9780080563411
9780128104507
9780080524313
9780080490168
9780080537641
9781483288093
9780080567037
9780080870489
9781782420279
9780323151429
9781782420385
9781483150123
9780323153973
9781483273952
9780323154420
9781483186788
9781483191706
9780323145985
9781483257501
9781782420248
9781483100005
9781845698973
9780323157032
9780323143257
9781483193441
9780128028131
9780323154833
9781483193960
9780080537917
9780128133644
9780128097007
9780128029053
9780123847331
9780128143148
9780080502311
9780128104583
9780128013243
9780080537085
9780128045800
9780128104705
9780128028452
9780128097670
9780080559162
9780080886282
9780128018279
9781845698331
9780123918857
9780128118047
9780080877990
9780128113646
9780080918082
9780128110072
9780323147392
9780444634085
9780081011140
9780323151696
9780323148962
9780128026120
9780128094419
9780081007303
9780128039694
9780123858825
9781483297224
9780444597700
9780444598424
9780444600882
9780128041208
9780323138123
9780323144612
9780323161183
9780323156493
9780323147620
9780323163040
9780323148955
9781483267418
9781483269047
9781483220697
9781483269177
9781483259529
9781483279633
9781483193632
9781483145877
9781483162720
9781483145440
9781483162119
9781483191676
9780323153171
9780323143424
9781483289199
9781483293158
9780444599377
9780081001868
9780080496986
9780123814678
9780123972132
9780080920337
9780128016831
9780080919928
9780123744074
9780124159853
9780123972729
9780080458939
9781845695873
9781782420217
9780124115989
9780128134337
9780123813527
9780128041666
9780128112670
9780080537382
9780080567679
9780081006009
9780123876829
9780128096482
9780128043783
9780080464923
9780080541884
9780128122389
9780128113127
9780080492186
9780988856516
9780124158573
9780323143561
9780127999180
9780080925899
9780128131374
9781483160832
9780444601018
9780444598509
9780128037140
9780128023754
9780128114995
9780081022368
9780128119433
9780128028049
9780128112021
9781855736481
9780080888736
9780080469195
9780081005316
9780124200777
9781845695569
9780080583358
9781483146560
9780080461618
9780323151962
9780080556246
9781483186696
9780444600721
9780128105221
9780080930916
9780857093622
9780128157008
9780128014349
9780080528021
9780323138239
9781483154701
9780444598622
9781483266503
9781483276144
9780080880723
9781483281988
9780128115268
9780444638687
9780323146043
9780323149488
9781483289588
9780128092378
9780123849878
9780857094933
9780123918772
9780124172463
9780080561745
9780323147835
9781483297101
9780128030516
9781845691233
9781855737037
9780123849281
9780323146760
9781782423508
9780080530017
9780080958095
9780323162821
9780323148047
9781483273488
9780323144919
9781483263113
9780128021651
9781483298016
9781483294582
9781782423973
9780444598479
9781483290867
9780124115064
9780080528946
9780124115682
9781845691394
9780323149792
9780444600288
9780080563510
9780080870939
9780080917900
9780123948083
9780080870984
9780080537061
9780123808912
9780123848857
9780128020159
9781483219011
9780123978370
9780123914644
9780857095695
9780123814692
9780128043714
9780128110768
9780123944115
9780124046030
9780128046142
9780080875019
9780128011416
9780444599254
9781483100111
9780857097972
9780323142045
9781855736443
9780080579498
9780080857077
9780323144841
9780080537078
9781483188133
9781483273426
9780124159709
9781483219851
9780857095664
9781782420972
9781845694586
9781483100104
9780857092762
9780857098979
9781855736450
9781483281858
9781483103556
9780857095756
9781483272344
9780080579313
9780124046061
9780081003923
9780123979087
9780123946270
9780080527437
9780123810243
9780080859583
9780080527567
9780080542263
9780080464527
9780444599926
9780080579351
9780080540443
9780080870946
9780080545981
9780080959672
9780128118665
9780080525761
9780128111994
9780080536750
9780080921976
9781483288994
9780123813091
9780080869803
9780080464787
9780080543505
9780080567761
9780080527536
9780080579597
9780080579337
9781483289991
9780123848888
9780323144636
9780080465579
9781483157276
9780080916491
9781483147659
9780080530369
9781483181776
9780323158145
9781483189680
9780080926452
9780128110515
9780323149303
9780323160841
9781483193373
9780080472720
9780123947864
9780081022146
9781483182711
9780080535814
9780080525211
9780128051702
9780081006979
9780128151044
9780128021965
9780128096062
9780323145800
9780080585352
9781845692810
9780323152259
9780128017289
9780080541228
9780128111444
9780323148887
9781483141619
9780323139465
9780128121405
9780323154062
9780323163347
9780323160056
9780323142960
9781483160955
9781483186986
9780323150026
9780323149099
9780323153775
9781455731572
9780080495774
9780857097248
9780081017937
9780128004043
9780128031933
9780080531663
9780124115361
9780128118009
9780123884398
9780080500942
9780124059191
9780124051751
9781845690045
9780080524191
9780080869896
9780123848932
9780080918693
9781483285429
9780323139298
9780323137652
9781483192499
9781483183015
9780080512914
9780080556239
9781483100340
9781483266848
9780323144698
9781483183695
9781483284644
9781483140919
9780323149471
9780323150576
9781483193618
9780323156936
9780323146685
9780323137928
9780123820013
9780128143209
9780128017029
9780128114377
9780080919256
9780080870908
9780080544618
9780323157124
9780128043745
9781483220932
9780128138892
9780323154581
9780323137997
9780323153317
9781855736368
9781845698423
9780857093547
9781483217543
9781483273549
9781845697167
9780323151764
9781483188959
9781483219271
9780323153195
9780323156509
9781483274096
9781483161761
9781483165356
9781483278124
9781483266978
9781483258669
9781855736221
9781483186566
9781483164281
9780323155120
9780323142816
9781845698133
9780123914361
9780128121726
9780128151785
9780080922355
9780444601032
9780123808691
9780080918303
9780128046166
9780080562575
9780080870625
9780128097793
9780080560410
9780123855305
9780080863474
9780080563428
9780080557793
9780444599636
9780080919218
9780128017791
9780080543796
9780323140447
9780080563558
9780128118177
9780080556345
9780128133637
9780080566986
9780323160773
9780080921884
9780080567020
9780128121252
9780323137782
9781483294322
9780128152782
9780323138871
9780128129371
9780128097410
9780128036440
9780080474830
9780080869889
9780080531632
9780080541402
9780444600899
9780080879239
9781483161860
9781782423928
9780128096499
9780124079311
9780080925394
9780080460123
9780080561806
9780128160190
9780323139359
9780123864802
9780123819895
9780080958118
9780080931036
9781782423539
9780080538730
9780124079229
9780080561691
9780128051467
9780323139274
9780128038628
9780128143315
9780128004845
9780128041567
9780080984216
9781782422877
9780124171824
9781845696436
9780128020524
9780080541594
9780128004685
9780128039823
9780123858771
9780080525617
9780080539669
9780128032213
9781855739079
9780081022764
9781483215990
9780128498880
9780323140126
9781483164397
9780128035580
9781483151786
9781483260556
9780323152501
9781483158761
9781483189833
9781483100098
9781483218397
9780323163149
9781483100128
9781483272115
9780323148924
9780123972576
9780323149389
9781483272207
9780080857022
9781483289984
9780323146364
9781483183459
9780444600851
9780123751379
9780080925790
9780080525747
9780080563497
9780323138482
9780080582122
9781483259611
9781782421153
9781855736207
9781483278100
9781845693367
9781855736412
9781483219301
9780323146937
9780080549521
9780128156889
9780128051719
9780128130094
9780128098981
9780128135204
9780080921006
9780080492346
9780080508917
9780080561790
9780080561721
9781483271842
9780323155175
9781483149097
9781483220840
9780080930114
9780081011157
9780128009130
9780128115381
9780128121351
9780444595294
9780128096895
9780323149594
9780080918334
9781483149608
9780080925516
9780080521527
9780080886893
9780444598462
9780080557809
9781845698171
9780080859484
9780080567105
9781483276663
9781845692483
9780128041949
9780128133132
9780323144377
9780323150194
9781483147482
9780124159723
9780323143097
9781483260112
9781845698393
9780128023464
9780857093059
9780128017302
9780323148696
9780323150361
9781483274577
9780128039014
9780080574806
9780124172838
9780128038772
9780080533117
9780080860749
9780080933221
9780123808714
9780080524320
9780080467962
9780128043776
9780080542690
9780080560632
9780080534756
9780080528175
9780080559599
9781855738362
9780080490939
9780080478982
9780128118344
9780080490212
9780444600561
9780444599612
9780128043547
9780123851048
9780857090324
9781483299198
9780080870663
9780128052181
9780080869711
9780080538044
9780080488158
9781845698287
9781855737167
9780128039434
9780080537047
9780128011515
9780128092385
9780081022139
9781845696146
9780128006207
9780124047082
9780080918976
9780128119617
9780323138246
9780323156066
9780323145374
9780123756756
9780080557595
9780323148658
9780323161633
9781483100357
9781483149172
9781483165622
9781483164250
9781483137971
9781483141848
9781483151663
9780323149556
9781483193045
9781483183428
9781483193328
9781483164410
9780323153935
9780323156738
9780323152020
9780080455648
9780080579986
9780323139557
9780128041956
9780080962580
9780080554969
9780124016750
9780080454184
9780123964656
9780080877877
9780080921891
9780128096802
9780080544540
9780080984735
9780080875170
9780444599490
9780080543802
9780444599582
9780128098448
9780323161053
9780323153256
9781483267876
9780323142380
9780323160940
9781483217390
9780323147798
9780323158022
9781483219332
9781845697594
9781483182759
9780081003497
9781483271903
9781845699512
9780323160544
9781483268613
9781483220871
9781483269542
9780857098924
9781483100043
9781845695750
9781483149721
9781483272177
9781855736306
9781483260464
9780323148436
9781855736528
9781855736658
9780323148603
9781483164465
9781483270135
9780323142694
9781483100050
9780323143349
9780323158725
9781845690540
9780323150217
9780323143202
9780323147057
9781483100227
9780323157148
9780128096826
9780128114667
9780128118900
9780128024270
9780323154246
9780080569093
9780323153119
9780323145541
9780080527789
9780124186866
9780080540535
9780128163757
9780128154045
9780128017548
9780323149259
9780080522296
9780080493343
9780080527239
9780124059498
9780128016206
9780123948243
9780128048436
9780128124024
9780128013540
9780080476865
9780444601049
9780080472201
9780444600028
9780080530123
9780080876795
9780081008911
9780080522272
9780080921761
9780080870700
9780081005033
9781483297859
9780080869780
9780080557885
9780080535364
9780080888613
9780128105337
9780128043493
9780080526829
9780128147757
9780128124185
9780080491332
9780323138611
9780080579832
9780080865126
9780080563374
9780080524306
9780128122570
9780080561714
9780080497518
9780323137812
9780080582054
9780123751737
9780323156820
9781908818140
9780080870779
9780128142547
9780128014691
9781855736986
9780081005323
9780128030783
9780128094563
9780128041109
9780128147245
9780123812711
9780444627193
9780128050798
9780128110263
9780128117330
9780128142332
9780323139601
9780080538990
9780128161562
9780128025604
9780123808899
9780080931920
9780080491110
9780128097212
9780080585383
9781845693534
9780123822376
9780128172681
9781483285559
9780080504070
9780128135389
9780080920238
9780080917344
9780080506746
9780080859385
9780323149587
9780323160360
9780323144544
9780323145084
9781483272474
9780323156394
9780323162975
9780323147668
9781483272597
9780323161152
9781483148670
9781483220987
9781483184227
9781483145624
9781483218984
9781483103495
9780323145510
9780323158855
9781483100258
9780323163255
9780080494807
9781483289205
9781855736160
9780123848635
9780124046863
9780323139571
9780080870885
9780080869865
9780123848536
9780123919106
9780080477350
9780323142878
9780323150736
9780323148856
9781845696290
9781483274744
9780123846891
9781483220925
9780323157810
9781483195551
9780128011508
9780123786135
9781483160696
9780323146678
9780323148177
9781855736672
9781782423515
9780323148382
9781782423522
9781483193014
9780323142441
9780323150620
9780323153362
9781483145662
9781483146324
9781483191546
9780323160858
9781483259505
9781483269122
9780323141741
9781855737181
9780857093912
9780323153263
9781483162836
9780124059368
9781855738379
9781845698317
9781908818355
9780323154123
9780323144230
9780080527765
9780080581316
9780124055155
9780124171800
9780124200074
9780080522289
9780857093035
9781845699130
