9780128019016
9780128117514
9780128098424
9781483296746
9781483264233
9780080922010
9781483142029
9781483190839
9781483157252
9781483193458
9780124116238
9780080886886
9780128030844
9780080462523
9780080523590
9781483183619
9781483148489
9781483140377
9780128052600
9780080534602
9781483188591
9780123944085
9780123854827
9781483288635
9780128047712
9781483262833
9780080471303
9780080526287
9781483192765
9781483159096
9780128017104
9780080530468
9780080543109
9780123914828
9781483216256
9781483193564
9781483192475
9780128092606
9781483161570
9781483216058
9780128045862
9781483257242
9781483193656
9781483215907
9781483159058
9780128110645
9781483262086
9781483165035
9781483146652
9780128018033
9780444538659
9780128132142
9780080543123
9780128026960
9780124116160
9780128122501
9781483148496
9780128092354
9781483153018
9781483183688
9781483286815
9780080549774
9780323154901
9780857096357
9781483159775
9781483150451
9781455731619
9780128125236
9781483287973
9780080917269
9780128093344
9780080469423
9781483290201
9781483290188
9780128004753
9781483216461
9781483215792
9781483141329
9781483163000
9781483291079
9781483276410
9781483216263
9781483157801
9781483220758
9781483215884
9781845698072
9781483272078
9780124202382
9781483264462
9780128042403
9780080463889
9780123978714
9780080581262
9781483154725
9780128096451
9781483192949
9781483216119
9781483216454
9781483259680
9781483164199
9781483151410
9780128004647
9780080537382
9780080561011
9781483289403
9781483216102
9780128095430
9781483151038
9780080504766
9780444598929
9781483157788
9780444594020
9781483188485
9780080543116
9780080535630
9781455731572
9780080472898
9780128026472
9781483182964
9780123877550
9780323389693
9780080534664
9781483266886
9781483147970
9781483191935
9781483157733
9780128004852
9781483288567
9781483193090
9780128020524
9780081006122
9781483265438
9781483192208
9780123869760
9781483270951
9780444535856
9781483146065
9781483192048
9780080886893
9781483258119
9780128004807
9781483216478
9780123978318
9780080534220
9780128095591
9780128011201
9780444538611
9781483263700
9781483272641
9781483157757
9781483183374
9780323139557
9780080952055
9780128004630
9781483157450
9781483139401
9780444626554
9780123878182
9780080465388
9780444637222
9781483287997
9780127999128
9780080919324
9781483290195
9780128011331
9780080528045
9780128135891
9781455731909
9780128046203
9780080533797
9781483191027
9780323137980
9781483147857
9781483269702
9780128123348
9780128145968
9780080514314
9780080542355
9780080553924
9781845696337
9780124171466
9780080533469
9780080860886
9781483188607
9781855739109
9781483156354
9780857098870
9780124169692
9780857098917
9781437778700
9780123965080
9780124115811
9780128013137
9780128015681
9780124046498
9780124105355
9781483162980
9780128042687
9781483193410
9781483270074
9781483147888
9780128036211
9780124159990
9781483287621
9780124199552
9781483158044
9781483276458
9781845692025
9780080931272
9780080539027
9781855739086
9781483271224
9781483216041
9780124202412
9781483157962
9781483147864
9780323140362
9780128039793
9780128008188
9780123983596
9780080530895
9780124047266
9781483288819
9781483288451
9780128136980
9780128016343
9780123982551
9781483276342
9780323138208
9781483161907
9781483141770
9781483188584
9780128024300
9781483259482
9780123820334
9781483147918
9781483191997
9780124166622
9780444633903
9781483266893
9780128043707
9781845693183
9781483277141
9780080538808
9781483145396
9781483275338
9781483183503
9781483192802
9780080468846
9780128031261
9781483141312
9780815519041
9780080920030
9781483219240
9780815519843
9780080524535
9781483288611
9781483161594
9781483287980
9780128004944
9781483147789
9781483146737
9780080924403
9781483148441
9781483193915
9781483140087
9780323401135
9780128094907
9781483218601
9780080505619
9781483215891
9781483188577
9780128010068
9780124165991
9780124157651
9780080491448
9780124079014
9780128153406
9781483216096
9781483187013
9781483215136
9781483137506
9781483187846
9781483165202
9781908818270
9781483142098
9780123948236
9780815517078
9780080555980
9780123982537
9780124201996
9780080874906
9780128132913
9780080548005
9781483183558
9781483195513
9781483139692
9781483216072
9781483193533
9780128012543
9780080525921
9780444600974
9781483163604
9781483152530
9781483280370
9781483218618
9781483148472
9781437734645
9781483265384
9780444626288
9780080538297
9780080459264
9781845693206
9781483159874
9781483153056
9780128124345
9781483216089
9780444641984
9780123973399
9780128030738
9781483148014
9780128054031
9780080481609
9780128114117
9781483154756
9781483189116
9780128014929
9780080886268
9780080581224
9781483147826
9780080922737
9781483213972
9781483216447
