9780080860961
9780080862798
9780128029633
9780080537757
9780124115248
9780128006542
9780080583655
9780080493534
9781483296746
9780128114865
9780128127230
9781908818775
9780080861128
9780080863047
9780080861036
9780123977700
9780080568775
9781908818027
9780124076884
9780080524511
9780123983824
9780080581330
9780123812896
9780815520269
9780080481357
9780080921143
9781908818676
9780080865669
9780123868916
9780123977564
9780080984322
9780080583532
9780080862675
9780080863290
9780080583778
9780080862729
9780128127346
9780128179109
9780080923352
9780128016923
9780080526843
9780128039601
9780080534602
9780128140888
9780080525839
9780080983431
9780444626677
9780080559629
9780123812933
9780080862576
9780124115392
9780123944085
9780323477222
9780080931517
9781483287829
9780080530550
9781483288635
9780080581019
9780080863184
9780080862712
9781483287836
9780080522838
9780080932897
9780080471303
9780080559834
9780080526287
9780444637420
9780080481203
9780128038734
9780323481038
9780128037539
9780080920412
9780128017111
9780323461498
9780080920191
9780080860848
9780080531854
9780080522586
9780080865690
9780128111567
9780444626080
9780444594426
9780080875521
9780080454818
9780128047286
9781908818393
9780080861005
9780123918765
9780128149126
9780081012420
9780080583518
9780080557618
9780080548241
9780080583785
9780080542522
9780444633958
9780323140485
9780080581125
9780080561301
9780080863283
9780080861067
9780080862781
9780128028704
9780123972613
9781483286365
9781483287522
9780080458175
9780080863030
9780080863139
9780080539928
9780444538659
9780080863023
9780080490960
9780080925851
9780123860248
9780080861210
9780080951522
9780080558196
9780128006566
9780323527262
9780080554877
9780080585192
9780444537492
9780123983039
9780080862682
9780080863214
9780080583501
9780080549774
9780124202160
9780128026915
9780080525785
9780123918710
9780128151440
9780128125236
9780444510051
9780080532332
9780080530321
9780080861074
9780080861241
9780080861029
9780080863344
9780444634856
9780128092095
9780323527286
9781483290201
9780080530352
9780080858685
9780128004753
9780080926384
9780128035603
9780080878249
9780323477215
9781845697488
9780128033739
9780081001127
9781908818041
9781483188119
9780124172067
9780080923369
9780128001035
9781908818508
9780123864680
9780081002971
9780081006320
9780123877024
9780080537375
9780128006122
9780124078284
9780128005699
9780128026922
9780444641441
9781908818089
9780080581293
9780080534404
9780080862743
9780080581262
9780080581095
9780123972149
9780080543246
9780080533902
9781608059782
9780080920399
9780128031186
9780080860985
9780080860992
9780080861043
9780080862606
9780080863146
9780080984339
9780080583716
9780080581149
9780080583594
9780080862750
9780128004647
9780080581194
9780128024973
9780080583617
9780080919034
9780128113127
9780128026250
9780080561011
9780128144244
9780124115071
9780080490441
9780128020982
9780123822284
9780080581088
9780080581002
9780123868831
9780080585161
9781908818164
9780128044155
9780128017449
9780444537423
9780128051764
9780080581071
9780123918703
9780080581040
9780123977946
9780080472225
9781908818713
9780080583624
9780444594020
9780080950860
9780123786432
9780080540634
9780080862569
9780080863016
9780124046825
9780128036686
9780128027851
9780080923338
9780080932996
9780128104149
9780128026472
9780123854681
9780080583761
9780080493589
9780080555966
9780080522876
9780128116562
9781483288567
9780080471952
9780080862996
9780080493787
9780080863153
9780080966946
9780080528830
9780080471013
9780080861142
9780444535511
9780123855336
9780080559322
9780128024980
9781908818287
9780128004845
9780080529059
9780080551906
9780128146484
9780080488790
9780080541181
9780080534558
9780081006122
9780080863207
9780080932941
9780124095199
9780080538815
9780444535856
9780080861104
9780080528106
9780080583662
9780080580982
9780080459509
9780128005958
9780323428910
9780080542690
9780080496900
9780080538846
9780128110669
9780080536088
9780444538611
9780080863245
9780080583549
9780128007907
9780128125526
9780444641205
9780124115309
9780444626554
9780123984623
9780123849656
9780123878182
9780080464732
9780080462103
9781483297859
9780080465388
9780080921846
9780444537164
9780323428903
9780080581385
9780080862859
9780080583587
9780123812636
9780123812759
9781908818386
9780444638892
9780128142332
9780080581026
9780128112298
9780080863221
9780080533797
9780124159112
9780080862620
9780128146200
9780124115255
9780123859532
9780124059368
9780128004814
9781908818348
9780080581316
9780128010723
9780080496870
9780080538716
9780080471976
9780080541099
9780080917795
9780080581323
9780444598493
9780080860978
9780128123348
9780128145968
9780080463797
9780128026373
9780080932729
9780080553924
9780128035573
9780080583600
9780123814487
9780124171466
9780128018255
9780080533469
9780123848574
9780080961712
9780080549705
9780128013229
9780080932927
9780128021873
9780444626714
9780080863191
9780128028094
9780444599711
9780080479965
9780128031209
9781483291147
9781908818102
9780080522807
9780080539843
9780080581118
9780080515205
9780444639493
9780080583686
9780080861234
9780080581163
9780080583563
9780080862644
9780080862651
9780080862866
9780080863160
9780080863269
9780080581255
9780123808851
9780128046197
9780124200098
9781483154107
9780080538594
9780128112335
9780080545004
9780080863122
9780080863009
9780080862699
9780080932873
9780080581033
9780080459783
9780080462127
9781908818454
9780081011379
9780081011133
9780080526706
9780080497044
9780128144220
9780124115620
9780080539515
9780128119464
9780123855077
9780128028117
9780124017085
9780080862835
9780080863054
9780080861166
9780080581132
9780080920405
9780080534015
9780128016114
9780128123362
9780128036211
9780080525952
9780444633910
9780080921877
9780080571232
9780080555362
9780124051843
9781483287621
9780128033364
9780080862668
9780323139878
9780080863078
9780080526720
9780080581279
9780080583723
9780080581101
9780128119150
9780080534565
9780080465302
9780080863092
9780080861135
9780080581170
9780123812919
9780128014912
9780080466422
9780080861098
9780080581064
9780323140362
9780128142776
9780080863085
9780128024928
9780123947994
9780128132111
9780080912141
9780123983596
9780444595034
9780080490403
9780081000069
9780128092088
9780080526034
9780080581200
9780080932910
9780080522395
9780080522869
9780080861081
9780444537959
9780080583556
9780080862828
9780080862767
9780128016336
9780080539911
9780080581347
9780080875620
9780080527529
9780128130704
9780128124765
9781483286099
9780080537498
9780080583631
9780080465975
9780080862613
9780080862705
9780081001806
9780080583648
9780444633903
9780080535685
9780081011188
9780128003381
9780123972286
9780080526690
9780080861227
9780080554952
9780080539874
9780081001059
9780124166615
9780123809032
9780080863238
9780080862552
9780080544755
9780080868370
9780128122792
9780080863306
9780124171152
9780128122495
9781908818768
9780080862811
9780123741059
9780080984261
9780080468846
9780128139585
9780124076891
9780124200791
9781483289335
9780080861012
9780080862590
9781845694814
9781908818317
9780080515113
9780124055377
9780080863276
9780080531250
9780080540405
9780080581057
9780128018224
9780080522630
9780080583495
9780080914886
9780128032015
9780080536026
9780080534145
9780080863320
9780080863337
9780080924403
9780080863177
9780080861203
9780080861159
9780123948458
9780080480916
9780080471310
9780080541112
9781483215754
9780080493572
9780080865720
9780128163818
9780128004012
9780080525037
9780123878168
9780128111482
9780080526041
9780128007211
9781483216065
9780080861111
9780080862583
9780080863115
9781483290935
9780128039328
9781608058648
9780080562551
9781483286822
9780080543888
9780128047323
9780323509237
9780080544991
9780080868394
9780444595904
9780323461481
9780124079014
9780080549637
9780080569680
9780080524450
9780080524467
9780128134047
9780124201774
9780080467412
9780080459363
9780123948236
9780815518495
9780128026731
9780080526713
9780080581354
9780128096925
9780128119624
9780123751393
9780123919137
9780080920832
9780080919232
9780080497778
9780124172135
9780128128046
9780080865737
9780123786487
9780128121528
9780080522883
9780080543239
9780080863252
9780080863108
9780323428897
9780080525921
9780080581361
9780080526140
9780080583679
9781483290690
9780080862736
9780080920382
9780323153881
9780080932934
9780444626363
9780123820310
9780444635310
9780080984544
9780128004296
9780128005521
9780080458472
9780128134597
9780128092514
9780080456119
9780080528212
9780128097182
9780128096536
9780128005545
9780444641984
9780080919225
9780080542553
9780444639431
9780080526379
9780080522814
9780080580999
9780080862774
9780080862637
9780080868318
9780080862842
9780080562070
9780080570358
9780080583693
9781908818010
9780080529974
9780080522265
9780080529035
9780128003725
9780080886268
9780128043660
9780080932903
9780128040805
9780080932880
9780080933023
9780128094457
9780128122273
9780080493381
9780080921235
9780080518169
9780128126271
